# timestamp tx ty tz qx qy qz qw
1755487229.853871 0.002962 -0.002192 -0.005069 0.003565 0.005456 -0.004475 0.999969
1755487229.953527 0.096404 -0.011315 -0.007566 0.005637 0.010562 0.000639 0.999928
1755487230.053129 0.231138 -0.027938 -0.012593 0.009093 0.014724 0.009876 0.999801
1755487230.152883 0.342127 -0.047923 -0.019584 0.011564 0.013593 0.021056 0.999619
1755487230.252767 0.427086 -0.063389 -0.018401 0.009929 0.007158 0.032163 0.999408
1755487230.352952 0.497875 -0.067707 -0.004800 0.003941 0.003407 0.039890 0.999190
1755487230.452944 0.561881 -0.065840 0.003358 -0.000914 0.001292 0.053659 0.998558
1755487230.553313 0.630973 -0.064036 0.011884 -0.003203 0.004994 0.061490 0.998090
1755487230.653706 0.700615 -0.062361 0.008382 -0.004877 0.008367 0.061906 0.998035
1755487230.754284 0.771993 -0.059330 -0.002421 -0.005923 0.010693 0.058688 0.998202
1755487230.854756 0.845688 -0.052750 -0.011934 -0.007373 0.010199 0.052255 0.998554
1755487230.954661 0.917564 -0.046317 -0.011576 -0.006306 0.003188 0.051153 0.998666
1755487231.054662 0.986820 -0.041946 0.000395 -0.003529 -0.003549 0.043403 0.999045
1755487231.254188 1.157926 -0.037224 0.008714 0.003514 -0.002225 0.014885 0.999881
1755487231.353625 1.229865 -0.043179 0.011352 0.004166 0.003298 0.022259 0.999738
1755487231.453067 1.303160 -0.051395 0.003190 0.007378 0.008051 0.027864 0.999552
1755487231.552723 1.382445 -0.062187 -0.005450 0.010950 0.012177 0.032479 0.999338
1755487231.652762 1.463473 -0.072539 -0.006424 0.014403 0.011128 0.038675 0.999086
1755487231.752707 1.542453 -0.074229 0.007655 0.012120 0.007095 0.040460 0.999082
1755487231.852906 1.618687 -0.068307 0.018444 0.007021 0.006369 0.045223 0.998932
1755487231.953228 1.696814 -0.057174 0.024485 0.000906 0.010589 0.047526 0.998813
1755487232.053659 1.779135 -0.048060 0.024600 -0.002578 0.015599 0.048892 0.998679
1755487232.153866 1.863341 -0.038538 0.018089 -0.005407 0.019191 0.046822 0.998704
1755487232.253563 1.947295 -0.024281 0.009442 -0.009160 0.019518 0.042288 0.998873
1755487232.354154 2.029356 -0.006318 0.008562 -0.012651 0.013337 0.041112 0.998985
1755487232.453992 2.106517 0.005057 0.024083 -0.011114 0.005926 0.042586 0.999013
1755487232.554082 2.176782 0.011435 0.031281 -0.011428 0.000633 0.031319 0.999444
1755487232.654170 2.252418 0.008647 0.037126 -0.009316 0.001930 0.021165 0.999731
1755487232.753846 2.332565 -0.000203 0.036623 -0.006274 0.006687 0.016696 0.999819
1755487232.853332 2.413703 -0.015841 0.029052 -0.002308 0.011439 0.018724 0.999757
1755487232.952883 2.493296 -0.037194 0.021318 0.001740 0.013112 0.025518 0.999587
1755487233.052796 2.569824 -0.060981 0.019139 0.003090 0.009573 0.028934 0.999531
1755487233.152813 2.642358 -0.082048 0.030672 0.001342 0.002464 0.029724 0.999554
1755487233.253040 2.710939 -0.096946 0.043602 -0.001438 -0.001427 0.027177 0.999629
1755487233.353146 2.780600 -0.108494 0.054025 -0.002989 -0.001337 0.028339 0.999593
1755487233.453456 2.856414 -0.119007 0.057408 -0.002930 0.001783 0.023678 0.999714
1755487233.553798 2.937889 -0.127117 0.049703 -0.002661 0.006921 0.015201 0.999857
1755487233.653991 3.023747 -0.129891 0.037887 -0.003398 0.011809 0.002636 0.999921
1755487233.754223 3.107043 -0.128356 0.031813 -0.004029 0.010996 -0.009475 0.999887
1755487233.853849 3.185184 -0.125722 0.042568 -0.003371 0.006762 -0.016740 0.999831
1755487233.953698 3.258046 -0.125872 0.052918 -0.002754 0.005220 -0.028550 0.999575
1755487234.053517 3.335019 -0.134534 0.060601 0.000628 0.009713 -0.035170 0.999334
1755487234.152641 3.416144 -0.145191 0.058009 0.003131 0.016467 -0.038350 0.999124
1755487234.252380 3.501221 -0.163046 0.049339 0.007413 0.022781 -0.037637 0.999004
1755487234.352697 3.583897 -0.188352 0.038808 0.013020 0.024789 -0.036342 0.998947
1755487234.452570 3.660431 -0.215499 0.033689 0.017523 0.019473 -0.033430 0.999098
1755487234.552663 3.734825 -0.234999 0.046483 0.016852 0.010655 -0.033874 0.999227
1755487234.653061 3.808041 -0.242098 0.058882 0.010248 0.005933 -0.033705 0.999362
1755487234.753216 3.885917 -0.244730 0.068603 0.003879 0.007668 -0.033734 0.999394
1755487234.853362 3.967808 -0.249020 0.076694 0.000478 0.011621 -0.032208 0.999414
1755487234.953661 4.047547 -0.253736 0.072147 -0.001877 0.013347 -0.033847 0.999336
1755487235.053500 4.127973 -0.255551 0.063498 -0.004127 0.012564 -0.035272 0.999290
1755487235.153811 4.208683 -0.255237 0.061603 -0.004734 0.005271 -0.031243 0.999487
1755487235.253302 4.283359 -0.256224 0.075109 -0.003171 -0.007014 -0.024992 0.999658
1755487235.353610 4.358959 -0.261484 0.087247 -0.001743 -0.012549 -0.031950 0.999409
1755487235.453447 4.443663 -0.275169 0.096043 0.002394 -0.009244 -0.037116 0.999265
1755487235.553598 4.535047 -0.290889 0.094426 0.005357 -0.002303 -0.037661 0.999274
1755487235.653319 4.629709 -0.309893 0.083434 0.007985 0.005478 -0.035368 0.999327
1755487235.753042 4.726121 -0.332676 0.073798 0.010897 0.010712 -0.026546 0.999531
1755487235.852880 4.817911 -0.354800 0.068540 0.010982 0.010659 -0.023181 0.999614
1755487235.953298 4.906345 -0.368827 0.081931 0.004856 0.007669 -0.028674 0.999548
1755487236.053061 4.987734 -0.378995 0.095437 0.001133 0.007269 -0.023035 0.999708
1755487236.153011 5.066739 -0.386961 0.104318 -0.001293 0.010164 -0.017361 0.999797
1755487236.253032 5.149210 -0.394615 0.108417 -0.001028 0.016522 -0.013229 0.999775
1755487236.353350 5.231873 -0.399938 0.104336 -0.000688 0.022472 -0.014710 0.999639
1755487236.453699 5.310857 -0.399893 0.096016 -0.000581 0.025049 -0.020836 0.999469
1755487236.554053 5.383160 -0.392840 0.090033 -0.000762 0.021440 -0.026373 0.999422
1755487236.653363 5.448099 -0.387424 0.096645 0.003482 0.013402 -0.020225 0.999700
1755487236.753661 5.507178 -0.382375 0.105521 0.005657 0.006184 -0.024806 0.999657
1755487236.853736 5.567163 -0.380779 0.111169 0.006696 0.004153 -0.032687 0.999435
1755487236.953677 5.633970 -0.383850 0.111975 0.007603 0.007203 -0.040549 0.999123
1755487237.053488 5.704856 -0.389727 0.106466 0.007186 0.011183 -0.046547 0.998828
1755487237.153073 5.776643 -0.402039 0.098771 0.008698 0.012831 -0.046021 0.998820
1755487237.252800 5.847883 -0.420587 0.092064 0.011247 0.010816 -0.041698 0.999008
1755487237.352759 5.918746 -0.439285 0.094041 0.011520 0.005142 -0.038167 0.999192
1755487237.452194 5.992245 -0.448162 0.112232 0.006723 0.002719 -0.037198 0.999282
1755487237.552697 6.064024 -0.453685 0.122382 0.003407 0.002479 -0.029998 0.999541
1755487237.652891 6.137541 -0.460945 0.129232 0.002283 0.006035 -0.025238 0.999661
1755487237.753012 6.211238 -0.469386 0.127199 0.003184 0.009601 -0.021750 0.999712
1755487237.853256 6.287345 -0.474280 0.119021 0.003632 0.011718 -0.019940 0.999726
1755487237.953468 6.365813 -0.472043 0.111253 0.002276 0.012147 -0.021003 0.999703
1755487238.053746 6.442022 -0.464873 0.107539 0.000202 0.006116 -0.021721 0.999745
1755487238.153794 6.516603 -0.458806 0.115656 0.001097 -0.001097 -0.019294 0.999813
1755487238.254086 6.591696 -0.454192 0.124675 -0.001169 -0.002296 -0.029283 0.999568
1755487238.354007 6.672810 -0.458924 0.134514 0.000291 0.002769 -0.035488 0.999366
1755487238.453547 6.756104 -0.468420 0.132326 0.002074 0.009680 -0.037916 0.999232
1755487238.553294 6.841732 -0.484559 0.120615 0.005433 0.016030 -0.036484 0.999191
1755487238.652891 6.926413 -0.509025 0.110910 0.011516 0.018563 -0.029214 0.999334
1755487238.752591 7.004991 -0.533524 0.108452 0.015902 0.013664 -0.022581 0.999525
1755487238.852829 7.078083 -0.547006 0.122226 0.013654 0.005578 -0.018906 0.999712
1755487238.952806 7.147907 -0.548855 0.136917 0.008198 0.002173 -0.011974 0.999892
1755487239.053029 7.223801 -0.544511 0.145455 0.001413 0.005616 -0.009758 0.999936
1755487239.153241 7.306236 -0.540919 0.147115 -0.003001 0.012548 -0.007677 0.999887
1755487239.253496 7.390133 -0.538189 0.138665 -0.005847 0.018121 -0.009031 0.999778
1755487239.353564 7.472764 -0.532999 0.129692 -0.007626 0.020618 -0.010964 0.999698
1755487239.453693 7.550318 -0.525159 0.126392 -0.008329 0.015401 -0.011169 0.999784
1755487239.553480 7.621074 -0.521058 0.136570 -0.004823 0.006044 -0.006142 0.999951
1755487239.653783 7.689846 -0.517815 0.146770 -0.003902 0.001060 -0.014115 0.999892
1755487239.753928 7.766246 -0.522129 0.154758 -0.000833 0.003324 -0.023632 0.999715
1755487239.853664 7.846997 -0.531191 0.152675 0.003337 0.008391 -0.025849 0.999625
1755487239.953446 7.926499 -0.541699 0.141719 0.005887 0.011723 -0.025905 0.999578
1755487240.052930 8.005362 -0.556228 0.131682 0.009958 0.011662 -0.018183 0.999717
1755487240.152674 8.083368 -0.569773 0.126953 0.012485 0.005980 -0.006452 0.999883
1755487240.252346 8.162603 -0.575432 0.137700 0.010063 -0.000521 -0.003142 0.999944
1755487240.352565 8.244090 -0.571359 0.154843 0.004008 -0.001542 0.006008 0.999973
1755487240.452624 8.325398 -0.564714 0.161095 -0.000275 0.001904 0.013765 0.999903
1755487240.553004 8.411563 -0.556807 0.163379 -0.003412 0.009557 0.018628 0.999775
1755487240.652919 8.496326 -0.546599 0.158250 -0.006071 0.016225 0.017312 0.999700
1755487240.753962 8.579662 -0.532577 0.147958 -0.007970 0.018773 0.013625 0.999699
1755487240.854012 8.658119 -0.514959 0.140010 -0.008417 0.016232 0.011206 0.999770
1755487240.953647 8.732754 -0.500730 0.146334 -0.003138 0.010504 0.022389 0.999689
1755487241.053649 8.804497 -0.489995 0.155573 0.001261 0.007658 0.022586 0.999715
1755487241.153635 8.880015 -0.483464 0.161597 0.004189 0.010382 0.017857 0.999778
1755487241.253736 8.962099 -0.479226 0.162481 0.005618 0.016486 0.013561 0.999756
1755487241.353618 9.044723 -0.477434 0.152838 0.005525 0.021330 0.011018 0.999697
1755487241.453257 9.125677 -0.486328 0.143160 0.009298 0.021899 0.014841 0.999607
1755487241.552922 9.201936 -0.501778 0.135257 0.013848 0.016035 0.021037 0.999554
1755487241.652960 9.276060 -0.516565 0.140066 0.015768 0.006481 0.026324 0.999508
1755487241.752747 9.351210 -0.524396 0.155723 0.014463 0.002757 0.032561 0.999361
1755487241.853037 9.429779 -0.524354 0.166569 0.010651 0.005218 0.034376 0.999339
1755487241.953374 9.513934 -0.522418 0.172201 0.007170 0.012447 0.031234 0.999409
1755487242.053741 9.601862 -0.523874 0.166507 0.005638 0.020772 0.025241 0.999450
1755487242.153833 9.691712 -0.524577 0.155433 0.004477 0.027743 0.019823 0.999408
1755487242.253856 9.779379 -0.520670 0.145987 0.002795 0.029835 0.017552 0.999397
1755487242.353817 9.859118 -0.512300 0.145787 -0.001117 0.022260 0.013694 0.999658
1755487242.453607 9.935436 -0.509517 0.161853 -0.000983 0.015718 0.011091 0.999814
1755487242.553846 10.009429 -0.513387 0.171966 -0.000843 0.013710 0.000599 0.999905
1755487242.653569 10.088681 -0.528185 0.179118 0.003446 0.017398 -0.005812 0.999826
1755487242.753570 10.170147 -0.547475 0.175931 0.007565 0.021883 -0.010303 0.999679
1755487242.853326 10.251039 -0.573131 0.165704 0.012245 0.023712 -0.011735 0.999575
1755487242.953094 10.327637 -0.601409 0.158615 0.015949 0.020258 -0.008837 0.999629
1755487243.053212 10.399883 -0.623556 0.161399 0.013261 0.011091 -0.014355 0.999747
1755487243.153336 10.472867 -0.635856 0.180074 0.007265 0.005939 -0.017234 0.999807
1755487243.253379 10.546109 -0.641388 0.192584 0.002731 0.005546 -0.015127 0.999866
1755487243.353380 10.624512 -0.645623 0.199392 -0.000767 0.008961 -0.017376 0.999809
1755487243.453507 10.706043 -0.651053 0.195887 -0.001279 0.012956 -0.018576 0.999743
1755487243.553654 10.789100 -0.651094 0.189082 -0.002590 0.015633 -0.021970 0.999633
1755487243.653953 10.870638 -0.644508 0.183155 -0.004228 0.014674 -0.024785 0.999576
1755487243.753445 10.945494 -0.636204 0.181144 -0.003789 0.006994 -0.016426 0.999833
1755487243.853472 11.018601 -0.630483 0.189139 -0.000893 0.001988 -0.012100 0.999924
1755487243.953435 11.092140 -0.627818 0.195046 -0.000062 0.002440 -0.011832 0.999927
1755487244.053346 11.170605 -0.634805 0.201862 0.005081 0.009101 -0.007494 0.999918
1755487244.153306 11.251422 -0.642486 0.197579 0.008833 0.016462 -0.000068 0.999825
1755487244.253143 11.336317 -0.653790 0.186630 0.013455 0.023589 0.011514 0.999565
1755487244.353031 11.422638 -0.668235 0.176873 0.017885 0.027542 0.024276 0.999166
1755487244.453165 11.502534 -0.680580 0.174428 0.019529 0.023659 0.035518 0.998898
1755487244.553544 11.575789 -0.682647 0.188165 0.012836 0.016362 0.038791 0.999031
1755487244.653517 11.644694 -0.674995 0.199817 0.004689 0.013564 0.049723 0.998660
1755487244.753519 11.716909 -0.661971 0.208583 -0.003357 0.015926 0.059452 0.998098
1755487244.853527 11.793600 -0.649785 0.211174 -0.007611 0.021341 0.069255 0.997342
1755487244.953842 11.870623 -0.637032 0.203562 -0.011368 0.024261 0.070803 0.997130
1755487245.054118 11.947526 -0.621127 0.195329 -0.015011 0.024651 0.066893 0.997343
1755487245.154340 12.018424 -0.605705 0.193187 -0.016389 0.017597 0.061226 0.997834
1755487245.254218 12.081318 -0.595109 0.203781 -0.014210 0.007289 0.057987 0.998190
1755487245.354329 12.141312 -0.591294 0.210261 -0.011618 0.001364 0.047261 0.998814
1755487245.454115 12.207791 -0.595303 0.216749 -0.007089 0.002296 0.035143 0.999355
1755487245.553833 12.276855 -0.601857 0.216238 -0.003288 0.004511 0.027073 0.999618
1755487245.653301 12.348932 -0.614692 0.208767 0.001984 0.006542 0.024653 0.999673
1755487245.752980 12.423678 -0.633300 0.198568 0.008653 0.007681 0.024622 0.999630
1755487245.852729 12.497795 -0.652228 0.191173 0.012625 0.003664 0.025925 0.999577
1755487245.952536 12.570732 -0.664002 0.196674 0.013056 -0.002316 0.031241 0.999424
1755487246.052390 12.644548 -0.663459 0.212345 0.008594 -0.001068 0.040366 0.999147
1755487246.152286 12.717211 -0.655265 0.218133 0.004209 0.003590 0.055748 0.998430
1755487246.252655 12.794637 -0.645101 0.220292 0.001255 0.011615 0.067467 0.997653
1755487246.352975 12.871115 -0.633802 0.216272 -0.000296 0.017543 0.080004 0.996640
1755487246.453264 12.944028 -0.614382 0.211848 -0.003942 0.019378 0.094487 0.995330
1755487246.553425 13.010298 -0.591346 0.208517 -0.007032 0.015764 0.111470 0.993618
1755487246.653496 13.074175 -0.573247 0.212176 -0.005536 0.009054 0.133717 0.990963
1755487246.753933 13.136993 -0.563421 0.222386 -0.001846 0.004746 0.145306 0.989374
1755487246.854366 13.202104 -0.562909 0.224794 0.002884 0.004461 0.147743 0.989012
1755487246.954841 13.277600 -0.569079 0.225630 0.008502 0.009944 0.143533 0.989559
1755487247.054797 13.355983 -0.576483 0.219630 0.011154 0.015749 0.133890 0.990808
1755487247.155102 13.435971 -0.588418 0.209286 0.012497 0.018746 0.121269 0.992364
1755487247.254183 13.510851 -0.605184 0.200894 0.013329 0.015189 0.108289 0.993914
1755487247.354634 13.578613 -0.620038 0.204147 0.010314 0.005991 0.089123 0.995949
1755487247.454213 13.644650 -0.627066 0.220747 0.004613 0.002310 0.077228 0.997000
1755487247.553513 13.713105 -0.628988 0.233805 0.000328 0.003253 0.069847 0.997552
1755487247.653242 13.788079 -0.629304 0.241325 -0.002237 0.008056 0.063484 0.997948
1755487247.752853 13.865754 -0.630159 0.234108 -0.003201 0.012148 0.058039 0.998235
1755487247.852695 13.948277 -0.627231 0.224238 -0.004154 0.015274 0.055160 0.998352
1755487247.952734 14.031573 -0.619869 0.218279 -0.005363 0.014360 0.052572 0.998500
1755487248.052899 14.111968 -0.614235 0.220189 -0.004639 0.007969 0.051329 0.998639
1755487248.153346 14.192095 -0.613885 0.227900 -0.001808 0.005156 0.044758 0.998983
1755487248.253930 14.276500 -0.618041 0.230265 -0.000173 0.009783 0.029339 0.999522
1755487248.354112 14.369064 -0.628443 0.234631 0.003832 0.018669 0.019964 0.999619
1755487248.454084 14.461795 -0.641699 0.228875 0.007261 0.024866 0.014979 0.999552
1755487248.553896 14.552108 -0.659366 0.215838 0.010668 0.026909 0.014399 0.999477
1755487248.653663 14.636679 -0.676799 0.210036 0.012327 0.021559 0.017173 0.999544
1755487248.753695 14.714392 -0.684801 0.222257 0.006688 0.011274 0.013832 0.999818
1755487248.853273 14.789745 -0.685664 0.237099 0.001266 0.006810 0.020407 0.999768
1755487248.952928 14.872657 -0.686552 0.250891 0.000564 0.010608 0.032100 0.999428
1755487249.052878 14.959301 -0.688312 0.254213 0.002983 0.016452 0.041042 0.999018
1755487249.153356 15.043723 -0.683792 0.243199 0.002790 0.019678 0.037328 0.999105
1755487249.253980 15.126998 -0.669625 0.232220 -0.000015 0.019449 0.028151 0.999414
1755487249.354272 15.203610 -0.654511 0.227872 -0.000061 0.012419 0.022922 0.999660
1755487249.454269 15.275377 -0.648487 0.238103 0.007599 0.005972 0.022541 0.999699
1755487249.554518 15.345786 -0.645296 0.246360 0.010961 0.004432 0.008659 0.999893
1755487249.654714 15.420801 -0.651018 0.251378 0.016821 0.009039 -0.005463 0.999803
1755487249.754524 15.495000 -0.656730 0.245466 0.019901 0.013723 -0.017321 0.999558
1755487249.854113 15.568974 -0.665733 0.236888 0.022628 0.016283 -0.025150 0.999295
1755487249.953434 15.639995 -0.679581 0.230714 0.027252 0.013569 -0.021788 0.999299
1755487250.053137 15.703649 -0.690086 0.230371 0.027383 0.003690 -0.022025 0.999376
1755487250.153019 15.765753 -0.691217 0.244065 0.021600 -0.007720 -0.019470 0.999547
1755487250.252947 15.832350 -0.681860 0.258495 0.011751 -0.010612 -0.018432 0.999705
1755487250.353043 15.906849 -0.671984 0.267854 0.003065 -0.007068 -0.017795 0.999812
1755487250.453336 15.989026 -0.669745 0.269399 -0.000152 -0.000319 -0.014320 0.999897
1755487250.553477 16.076425 -0.670820 0.262079 -0.001222 0.007136 -0.012766 0.999892
1755487250.653814 16.167590 -0.670461 0.252017 -0.001558 0.014038 -0.013774 0.999805
1755487250.754098 16.258322 -0.666647 0.243018 -0.001970 0.015709 -0.015954 0.999747
1755487250.854021 16.345870 -0.662589 0.248046 -0.000594 0.013169 -0.012994 0.999829
1755487250.954344 16.428262 -0.658968 0.256089 -0.001322 0.013171 -0.021497 0.999681
1755487251.054515 16.507781 -0.663717 0.261692 -0.000645 0.016547 -0.031536 0.999365
1755487251.154245 16.588911 -0.676518 0.262472 0.002686 0.022398 -0.035071 0.999130
1755487251.253994 16.673017 -0.693538 0.253916 0.005433 0.028964 -0.035814 0.998924
1755487251.353500 16.758741 -0.719448 0.242393 0.010956 0.033516 -0.029160 0.998953
1755487251.453275 16.837804 -0.747425 0.239051 0.014743 0.031231 -0.024813 0.999095
1755487251.553382 16.908374 -0.766001 0.255049 0.012122 0.024662 -0.024361 0.999325
1755487251.653219 16.973795 -0.771038 0.271064 0.005864 0.020476 -0.019324 0.999586
1755487251.753391 17.043373 -0.772337 0.283222 0.000653 0.021184 -0.015417 0.999657
1755487251.853358 17.117386 -0.776872 0.284260 0.000036 0.023300 -0.008937 0.999689
1755487251.953665 17.193028 -0.774869 0.275112 -0.002009 0.023945 -0.007151 0.999686
1755487252.053837 17.269355 -0.765263 0.269755 -0.004229 0.021914 -0.005775 0.999734
1755487252.153885 17.340132 -0.754829 0.266809 -0.002848 0.011345 -0.002849 0.999928
1755487252.253761 17.409173 -0.748912 0.276544 0.002372 0.000795 0.005360 0.999983
1755487252.354228 17.481715 -0.743860 0.284146 0.004605 -0.001287 -0.005375 0.999974
1755487252.454465 17.564091 -0.742783 0.289620 0.006425 0.004684 -0.016551 0.999831
1755487252.554420 17.650023 -0.744646 0.286762 0.008153 0.013067 -0.019986 0.999682
1755487252.654175 17.735919 -0.752326 0.272801 0.009868 0.020333 -0.023284 0.999473
1755487252.753677 17.820980 -0.768283 0.262216 0.014804 0.023344 -0.020059 0.999417
1755487252.853361 17.900714 -0.787745 0.258004 0.019210 0.018864 -0.016579 0.999500
1755487252.953260 17.978299 -0.805629 0.266051 0.020466 0.009859 -0.020313 0.999536
1755487253.053423 18.057840 -0.814765 0.279377 0.018279 0.005997 -0.019718 0.999620
1755487253.153425 18.140828 -0.816813 0.289468 0.014605 0.008481 -0.019274 0.999672
1755487253.253458 18.227836 -0.817024 0.296071 0.011588 0.013790 -0.022133 0.999593
1755487253.353916 18.314235 -0.816552 0.286999 0.008620 0.017010 -0.028238 0.999419
1755487253.454014 18.401952 -0.813097 0.274191 0.005901 0.018317 -0.036428 0.999151
1755487253.554030 18.484724 -0.807052 0.269231 0.004720 0.011824 -0.042285 0.999024
1755487253.653868 18.558827 -0.804908 0.281098 0.007518 0.000051 -0.039118 0.999206
1755487253.753905 18.631932 -0.809431 0.293067 0.009882 -0.005093 -0.050397 0.998667
1755487253.854024 18.713762 -0.825518 0.300943 0.015463 -0.001365 -0.061272 0.998000
1755487253.954065 18.801676 -0.845126 0.296328 0.019771 0.005941 -0.070510 0.997297
1755487254.053706 18.891334 -0.869690 0.283263 0.023353 0.012800 -0.076468 0.996716
1755487254.153187 18.978146 -0.901531 0.272668 0.029526 0.014499 -0.071782 0.996878
1755487254.252818 19.058636 -0.932097 0.271126 0.033322 0.007956 -0.063994 0.997362
1755487254.352912 19.138130 -0.951992 0.286906 0.028786 0.000404 -0.064379 0.997510
1755487254.452815 19.221996 -0.964899 0.300643 0.023889 0.000027 -0.056890 0.998095
1755487254.552952 19.316767 -0.978849 0.312419 0.021559 0.008694 -0.052281 0.998362
1755487254.653285 19.413956 -0.992194 0.311693 0.019400 0.017270 -0.051736 0.998323
1755487254.753966 19.510283 -0.999953 0.300849 0.014509 0.022497 -0.058626 0.997921
1755487254.854167 19.603234 -1.003087 0.290189 0.009548 0.022747 -0.063981 0.997646
1755487254.954287 19.689642 -1.003413 0.288390 0.004549 0.014117 -0.065605 0.997735
1755487255.054083 19.772665 -1.010132 0.302741 0.005674 0.007738 -0.065561 0.997802
1755487255.154194 19.853932 -1.022047 0.313927 0.006217 0.006742 -0.074373 0.997188
1755487255.254135 19.938813 -1.045332 0.320717 0.012611 0.011051 -0.076471 0.996931
1755487255.353696 20.025266 -1.068337 0.315529 0.016005 0.015981 -0.078257 0.996677
1755487255.453361 20.113156 -1.094865 0.304591 0.019601 0.018653 -0.075084 0.996810
1755487255.553174 20.198328 -1.124640 0.297722 0.023146 0.015904 -0.066352 0.997401
1755487255.652878 20.279456 -1.152178 0.304735 0.024190 0.007280 -0.060323 0.997859
1755487255.752952 20.363904 -1.168191 0.323391 0.018947 0.004439 -0.056375 0.998220
1755487255.853132 20.451932 -1.177275 0.334306 0.012921 0.008048 -0.052262 0.998517
1755487255.953499 20.545236 -1.188845 0.340723 0.009642 0.016436 -0.052330 0.998448
1755487256.053943 20.635655 -1.202123 0.335692 0.007925 0.021895 -0.053881 0.998276
1755487256.154094 20.724285 -1.211187 0.326644 0.004650 0.024100 -0.059569 0.997922
1755487256.254232 20.813354 -1.216452 0.320522 0.001176 0.021368 -0.064301 0.997701
1755487256.354095 20.898895 -1.222438 0.327521 -0.000688 0.013149 -0.061913 0.997995
1755487256.454210 20.979797 -1.235132 0.341354 0.000491 0.007174 -0.068476 0.997627
1755487256.554127 21.063804 -1.253286 0.352585 0.001909 0.008303 -0.080865 0.996689
1755487256.654107 21.153452 -1.279128 0.359167 0.006349 0.013838 -0.085729 0.996202
1755487256.753594 21.241513 -1.307093 0.348291 0.009701 0.018107 -0.085074 0.996163
1755487256.853016 21.330583 -1.342496 0.334502 0.014775 0.019716 -0.077599 0.996680
1755487256.952724 21.416405 -1.378766 0.330759 0.017800 0.014568 -0.066915 0.997494
1755487257.052716 21.502167 -1.411137 0.346601 0.018464 0.008694 -0.059193 0.998038
1755487257.152933 21.590482 -1.432775 0.361591 0.014792 0.009581 -0.053333 0.998421
1755487257.253264 21.685163 -1.451978 0.375244 0.012492 0.016577 -0.050539 0.998506
1755487257.353521 21.778445 -1.470667 0.375839 0.012157 0.022512 -0.047557 0.998541
1755487257.453944 21.870285 -1.484527 0.365145 0.010051 0.026381 -0.049152 0.998392
1755487257.554227 21.962196 -1.490074 0.354476 0.005547 0.025939 -0.050185 0.998388
1755487257.654375 22.050822 -1.489121 0.353887 -0.001343 0.016911 -0.053766 0.998409
1755487257.754326 22.133579 -1.491326 0.369765 -0.004750 0.005756 -0.056444 0.998378
1755487257.854394 22.217340 -1.502816 0.383657 -0.005148 0.002382 -0.065365 0.997845
1755487257.953976 22.307878 -1.526373 0.393618 0.001649 0.005983 -0.064821 0.997878
1755487258.053571 22.400740 -1.549974 0.387575 0.006555 0.010519 -0.060275 0.998105
1755487258.153202 22.495503 -1.576524 0.373105 0.011373 0.013693 -0.053755 0.998395
1755487258.252707 22.590508 -1.606224 0.363538 0.017847 0.011621 -0.034413 0.999181
1755487258.352736 22.682964 -1.629405 0.372166 0.019166 0.004188 -0.026523 0.999456
1755487258.452872 22.774961 -1.640785 0.390907 0.015135 0.001755 -0.018811 0.999707
1755487258.553188 22.870628 -1.648353 0.403577 0.012581 0.005929 -0.009796 0.999855
1755487258.754197 23.075068 -1.664046 0.393588 0.009921 0.024992 -0.007165 0.999613
1755487258.854398 23.176507 -1.664755 0.381897 0.008590 0.022171 -0.009910 0.999668
1755487258.954313 23.272145 -1.660336 0.373938 0.005836 0.015736 -0.010475 0.999804
1755487259.054296 23.363450 -1.657507 0.387211 0.005028 0.007170 -0.006955 0.999937
1755487259.154234 23.452242 -1.661059 0.402000 0.004908 0.004967 -0.015951 0.999848
1755487259.254154 23.544293 -1.675682 0.412371 0.008791 0.009246 -0.021197 0.999694
1755487259.353654 23.638539 -1.693298 0.411140 0.013090 0.015533 -0.018661 0.999619
1755487259.453267 23.732248 -1.712430 0.401672 0.015156 0.020677 -0.014275 0.999569
1755487259.552878 23.821413 -1.734559 0.392919 0.016540 0.021783 -0.004599 0.999615
1755487259.652956 23.900537 -1.753766 0.390325 0.012381 0.013426 -0.000664 0.999833
1755487259.753192 23.973697 -1.764802 0.406027 0.004658 0.005802 -0.002112 0.999970
1755487259.852980 24.045141 -1.770257 0.420937 -0.000630 0.003017 0.009527 0.999950
1755487259.953061 24.124640 -1.773576 0.434466 -0.004195 0.007694 0.014300 0.999859
1755487260.053328 24.208180 -1.779846 0.433379 -0.004058 0.014432 0.018480 0.999717
1755487260.153766 24.295817 -1.784405 0.422720 -0.002906 0.021140 0.020144 0.999569
1755487260.253832 24.384467 -1.779510 0.412112 -0.003482 0.025070 0.021506 0.999448
1755487260.353858 24.467887 -1.763313 0.404379 -0.006453 0.019813 0.022972 0.999519
1755487260.453664 24.550234 -1.746266 0.408107 -0.005776 0.011443 0.031567 0.999419
1755487260.553854 24.635818 -1.730712 0.412422 -0.005378 0.009344 0.031583 0.999443
1755487260.653993 24.731030 -1.722478 0.422311 -0.002004 0.014496 0.029755 0.999450
1755487260.753196 24.825761 -1.716290 0.419521 0.002021 0.018674 0.035737 0.999185
1755487260.853474 24.921749 -1.713594 0.401501 0.006646 0.020105 0.043080 0.998847
1755487260.953238 25.022110 -1.712384 0.386333 0.011567 0.018694 0.052609 0.998373
1755487261.053405 25.127782 -1.706367 0.388658 0.014933 0.015177 0.054964 0.998261
1755487261.153322 25.232813 -1.687045 0.402011 0.010968 0.016994 0.059586 0.998018
1755487261.253431 25.336249 -1.661867 0.413314 0.006563 0.023691 0.062645 0.997733
1755487261.353535 25.442283 -1.642337 0.414791 0.006296 0.031278 0.066786 0.997257
1755487261.453799 25.549393 -1.622201 0.403455 0.005915 0.036846 0.064741 0.997204
1755487261.553508 25.653644 -1.594112 0.388145 0.003168 0.037698 0.060566 0.997447
1755487261.653769 25.755806 -1.566750 0.386966 0.005559 0.031325 0.070780 0.996985
1755487261.753725 25.853757 -1.544897 0.403069 0.007212 0.024428 0.063323 0.997668
1755487261.854209 25.950374 -1.527950 0.416634 0.004791 0.022913 0.044428 0.998738
1755487261.954349 26.052097 -1.522097 0.420636 0.004633 0.027307 0.028474 0.999211
1755487262.054230 26.156744 -1.526408 0.410781 0.006572 0.032455 0.020538 0.999241
1755487262.153833 26.259761 -1.539376 0.396757 0.009046 0.033730 0.016485 0.999254
1755487262.253190 26.352725 -1.556190 0.392853 0.011725 0.023747 0.024091 0.999359
1755487262.352696 26.440988 -1.568133 0.406795 0.011642 0.017927 0.026088 0.999431
1755487262.452581 26.529436 -1.572287 0.419449 0.011553 0.016530 0.038356 0.999061
1755487262.552175 26.623977 -1.573511 0.429502 0.012081 0.020486 0.043958 0.998750
1755487262.653029 26.719180 -1.571707 0.422968 0.012111 0.023459 0.043168 0.998719
1755487262.753592 26.812217 -1.559870 0.410058 0.007191 0.023542 0.034580 0.999099
1755487262.853973 26.902563 -1.541418 0.400807 0.002118 0.017206 0.028512 0.999443
1755487262.953967 26.988924 -1.523277 0.409261 -0.000582 0.006334 0.029756 0.999537
1755487263.054261 27.074123 -1.511087 0.422612 -0.002638 0.001260 0.016424 0.999861
1755487263.154359 27.165898 -1.512788 0.434646 0.001129 0.004277 0.008276 0.999956
1755487263.253811 27.260527 -1.520765 0.433979 0.006231 0.009548 0.006348 0.999915
1755487263.353462 27.357780 -1.530677 0.419642 0.009769 0.014344 0.004009 0.999841
1755487263.453154 27.458732 -1.545432 0.407440 0.014274 0.016649 0.004794 0.999748
1755487263.553024 27.559583 -1.558946 0.410370 0.017712 0.013402 0.005347 0.999739
1755487263.652895 27.657561 -1.562055 0.427788 0.015762 0.011243 0.005227 0.999799
1755487263.752841 27.752818 -1.553277 0.436828 0.009007 0.011928 0.006378 0.999868
1755487263.853116 27.850037 -1.545083 0.443341 0.004845 0.016359 0.005237 0.999841
1755487263.953094 27.943927 -1.536370 0.438307 0.001837 0.017418 0.004118 0.999838
1755487264.053516 28.037249 -1.522390 0.427165 -0.002696 0.014922 -0.000150 0.999885
1755487264.153328 28.127016 -1.507641 0.417969 -0.003217 0.005053 0.004744 0.999971
1755487264.253119 28.216314 -1.495868 0.430110 -0.001041 -0.004242 0.014501 0.999885
1755487264.353839 28.307510 -1.485871 0.445080 -0.003545 -0.006923 0.000013 0.999970
1755487264.454023 28.407504 -1.488132 0.456452 -0.002445 -0.000477 -0.011341 0.999933
1755487264.553816 28.510268 -1.500826 0.452390 0.001241 0.007613 -0.015731 0.999847
1755487264.653495 28.615206 -1.521140 0.436817 0.005493 0.015245 -0.016995 0.999724
1755487264.853076 28.826167 -1.572349 0.432504 0.013269 0.013014 -0.004930 0.999815
1755487264.952899 28.916827 -1.587583 0.446245 0.006502 0.009616 -0.007109 0.999907
1755487265.052757 29.011181 -1.595987 0.457732 0.003504 0.013069 0.000779 0.999908
1755487265.153043 29.110993 -1.602971 0.460049 0.002278 0.020289 0.003093 0.999787
1755487265.253507 29.210882 -1.608390 0.449870 0.001436 0.025693 0.000091 0.999669
1755487265.353805 29.308264 -1.607309 0.438201 -0.000829 0.027265 -0.006077 0.999609
1755487265.453948 29.398742 -1.601266 0.431247 -0.002577 0.019824 -0.011201 0.999737
1755487265.553771 29.484421 -1.596734 0.440721 -0.001946 0.011209 -0.010509 0.999880
1755487265.654026 29.569734 -1.600083 0.451374 -0.001323 0.009259 -0.020988 0.999736
1755487265.753904 29.658421 -1.615482 0.462786 0.004284 0.013029 -0.025470 0.999581
1755487265.853481 29.747402 -1.631787 0.461104 0.008417 0.017160 -0.022038 0.999574
1755487265.953060 29.841161 -1.652802 0.449316 0.012963 0.021880 -0.013766 0.999582
1755487266.052722 29.940916 -1.678059 0.436865 0.017210 0.025552 -0.001142 0.999525
1755487266.152817 30.038847 -1.698099 0.435809 0.014467 0.024527 -0.003253 0.999589
1755487266.253230 30.129412 -1.713249 0.450389 0.009018 0.020072 -0.001790 0.999756
1755487266.353461 30.216464 -1.727096 0.465132 0.005861 0.019739 -0.000177 0.999788
1755487266.453559 30.307888 -1.740011 0.477778 0.005273 0.024140 0.002820 0.999691
1755487266.553782 30.400158 -1.750507 0.475978 0.004420 0.028496 0.001313 0.999583
1755487266.654004 30.494628 -1.756360 0.464752 0.001961 0.031887 -0.004241 0.999481
1755487266.753935 30.588159 -1.758155 0.455537 0.000211 0.030439 -0.004247 0.999528
1755487266.853870 30.676051 -1.757791 0.459724 -0.001283 0.020996 0.000391 0.999779
1755487266.953841 30.760537 -1.760936 0.472652 -0.001130 0.014814 -0.002045 0.999888
1755487267.054142 30.847035 -1.769936 0.481064 0.000076 0.015593 -0.007539 0.999850
1755487267.153799 30.938706 -1.785529 0.484863 0.003684 0.020464 -0.006969 0.999760
1755487267.253695 31.031197 -1.803240 0.478479 0.006403 0.024872 -0.004009 0.999662
1755487267.353310 31.123571 -1.824380 0.470206 0.008671 0.026978 0.003049 0.999594
1755487267.453094 31.212395 -1.846007 0.465780 0.008299 0.022276 0.012820 0.999635
1755487267.553379 31.294962 -1.861668 0.475408 0.003329 0.013004 0.015191 0.999795
1755487267.653292 31.373610 -1.868068 0.488963 -0.004564 0.007152 0.019717 0.999770
1755487267.753409 31.458772 -1.873446 0.504153 -0.007200 0.009563 0.027636 0.999546
1755487267.853419 31.547772 -1.879341 0.508190 -0.007104 0.014044 0.035114 0.999259
1755487267.953778 31.639205 -1.883780 0.500342 -0.006629 0.017624 0.035379 0.999197
1755487268.054096 31.731934 -1.882957 0.489220 -0.007173 0.018371 0.029584 0.999368
1755487268.154396 31.819701 -1.877487 0.479574 -0.007590 0.011137 0.022180 0.999663
1755487268.254258 31.903304 -1.875760 0.485524 -0.003700 0.001900 0.025834 0.999658
1755487268.354331 31.987535 -1.877966 0.494455 -0.000483 -0.001038 0.013685 0.999906
1755487268.454319 32.079418 -1.887080 0.502932 0.006405 0.004543 0.009041 0.999928
1755487268.553846 32.173826 -1.894644 0.500953 0.011045 0.013216 0.008395 0.999816
1755487268.653494 32.270688 -1.899340 0.492186 0.013230 0.021745 0.011169 0.999614
1755487268.753231 32.368564 -1.901773 0.482960 0.013530 0.027832 0.017171 0.999374
1755487268.852924 32.460433 -1.902617 0.478343 0.012141 0.025300 0.026524 0.999254
1755487268.952867 32.546095 -1.902708 0.488912 0.010799 0.016979 0.033081 0.999250
1755487269.052934 32.630433 -1.895354 0.502141 0.006870 0.013693 0.044218 0.998904
1755487269.153060 32.718104 -1.884927 0.511789 0.002556 0.016996 0.049865 0.998608
1755487269.253530 32.806849 -1.876192 0.513088 -0.000729 0.021731 0.049901 0.998517
1755487269.354001 32.894394 -1.868311 0.505231 -0.003674 0.024267 0.044306 0.998716
1755487269.454491 32.981615 -1.858371 0.494768 -0.005647 0.024214 0.038501 0.998949
1755487269.554419 33.064861 -1.844392 0.489303 -0.006582 0.016852 0.035242 0.999215
1755487269.654240 33.141912 -1.830900 0.500487 -0.005952 0.005894 0.036349 0.999304
1755487269.754162 33.218051 -1.823434 0.509555 -0.004483 0.000550 0.027530 0.999611
1755487269.854071 33.302272 -1.822347 0.515538 -0.002509 0.003511 0.018178 0.999825
1755487269.953551 33.392865 -1.824161 0.513300 0.000060 0.009818 0.016695 0.999812
1755487270.053189 33.489355 -1.828810 0.501751 0.002273 0.016921 0.019764 0.999659
1755487270.152569 33.590932 -1.838002 0.487873 0.005723 0.022994 0.025196 0.999402
1755487270.352840 33.806543 -1.856241 0.495173 0.010803 0.019609 0.040866 0.998914
1755487270.452781 33.903123 -1.859592 0.507112 0.006283 0.020525 0.042230 0.998877
1755487270.553106 34.003985 -1.859314 0.514715 0.004511 0.026571 0.047597 0.998503
1755487270.653205 34.108261 -1.857015 0.514481 0.004003 0.034871 0.050627 0.998101
1755487270.753422 34.209475 -1.851936 0.503183 0.002547 0.039162 0.046384 0.998153
1755487270.854106 34.308171 -1.841236 0.490048 -0.000151 0.038370 0.038668 0.998515
1755487270.954051 34.401683 -1.828531 0.487674 -0.001072 0.028906 0.037197 0.998889
1755487271.053976 34.494227 -1.821053 0.502740 0.001528 0.021672 0.037298 0.999068
1755487271.154079 34.588470 -1.819257 0.513546 0.001557 0.020691 0.021230 0.999559
1755487271.254061 34.691259 -1.828020 0.518210 0.005701 0.025599 0.011850 0.999586
1755487271.353674 34.797426 -1.841729 0.510959 0.009358 0.031041 0.006466 0.999453
1755487271.453220 34.903225 -1.861342 0.497578 0.013164 0.032878 0.002908 0.999368
1755487271.552604 35.000547 -1.879651 0.488604 0.013355 0.025608 0.005316 0.999569
1755487271.652863 35.095770 -1.890481 0.499969 0.007919 0.018639 -0.001707 0.999793
1755487271.752442 35.186278 -1.895386 0.511657 0.005251 0.014665 0.004010 0.999871
1755487271.852489 35.278559 -1.894228 0.528438 0.001282 0.015683 0.005232 0.999863
1755487271.952806 35.371181 -1.893368 0.529260 -0.000814 0.016445 0.002959 0.999860
1755487272.053261 35.468382 -1.891113 0.516889 -0.003139 0.017280 -0.009137 0.999804
1755487272.153587 35.567250 -1.883399 0.505182 -0.004727 0.013429 -0.016281 0.999766
1755487272.253349 35.665315 -1.871866 0.514412 -0.004294 0.005442 -0.012627 0.999896
1755487272.353497 35.764188 -1.863077 0.528392 -0.004489 0.003922 -0.026143 0.999640
1755487272.453737 35.870353 -1.866294 0.536144 -0.000210 0.009901 -0.032696 0.999416
1755487272.553429 35.982496 -1.874626 0.531600 0.005523 0.018495 -0.030728 0.999341
1755487272.652930 36.096611 -1.883932 0.516320 0.010526 0.025983 -0.025295 0.999287
1755487272.752702 36.209312 -1.893999 0.500662 0.014552 0.027726 -0.018031 0.999347
1755487272.852563 36.317497 -1.899963 0.500395 0.016730 0.021252 -0.010341 0.999581
1755487272.952876 36.422920 -1.893991 0.515702 0.010989 0.018651 -0.010449 0.999711
1755487273.052966 36.524037 -1.884042 0.528043 0.005152 0.018994 -0.005156 0.999793
1755487273.153112 36.626198 -1.876543 0.537157 0.002067 0.023362 -0.003618 0.999718
1755487273.253368 36.727360 -1.870018 0.532137 0.000007 0.025587 -0.004425 0.999663
1755487273.353452 36.828909 -1.861205 0.518428 -0.002011 0.024608 -0.009458 0.999650
1755487273.453760 36.927833 -1.849277 0.509211 -0.002933 0.016189 -0.011778 0.999795
1755487273.553611 37.025078 -1.840047 0.522105 -0.001454 0.009018 -0.010131 0.999907
1755487273.753923 37.241766 -1.841536 0.538730 0.002591 0.021814 -0.036298 0.999100
1755487273.853395 37.348115 -1.852498 0.534495 0.005132 0.026712 -0.033296 0.999075
1755487273.953076 37.454824 -1.869725 0.522030 0.009118 0.032960 -0.030897 0.998937
1755487274.052719 37.555357 -1.892274 0.512148 0.014042 0.032225 -0.023638 0.999102
1755487274.152590 37.644510 -1.911832 0.516846 0.015977 0.021590 -0.019517 0.999449
1755487274.252432 37.726242 -1.921535 0.532211 0.013789 0.013885 -0.011486 0.999743
1755487274.352467 37.807540 -1.924848 0.548956 0.011507 0.011446 -0.001533 0.999867
1755487274.452854 37.891340 -1.925262 0.557306 0.009042 0.012198 0.000705 0.999884
1755487274.553508 37.978197 -1.923098 0.551910 0.005675 0.013376 -0.006779 0.999871
1755487274.653984 38.067181 -1.917186 0.541603 0.002832 0.012809 -0.014957 0.999802
1755487274.754204 38.156336 -1.909133 0.533377 0.002293 0.006832 -0.020142 0.999771
1755487274.853953 38.244999 -1.901932 0.539796 0.003977 -0.000648 -0.018631 0.999818
1755487274.954157 38.335182 -1.898859 0.548916 0.004870 -0.000754 -0.032370 0.999464
1755487275.054219 38.430123 -1.902204 0.557083 0.006306 0.005820 -0.045839 0.998912
1755487275.154028 38.525533 -1.907830 0.555289 0.006955 0.012750 -0.053156 0.998481
1755487275.253550 38.619565 -1.917866 0.544644 0.008344 0.017173 -0.053975 0.998360
1755487275.452680 38.806092 -1.963956 0.537427 0.018954 0.008186 -0.044540 0.998794
1755487275.552336 38.889454 -1.976883 0.553706 0.017768 0.001100 -0.036101 0.999190
1755487275.652368 38.974522 -1.979746 0.565664 0.015546 -0.002110 -0.025115 0.999561
1755487275.752563 39.066055 -1.980230 0.574625 0.012840 0.001934 -0.020974 0.999696
1755487275.853000 39.159094 -1.981891 0.570431 0.012172 0.004880 -0.018825 0.999737
1755487275.953792 39.255705 -1.980718 0.559844 0.009554 0.007484 -0.026110 0.999585
1755487276.054194 39.353235 -1.976718 0.549400 0.007793 0.006525 -0.032493 0.999420
1755487276.154145 39.447315 -1.973703 0.547571 0.008756 0.000088 -0.032586 0.999431
1755487276.254542 39.540329 -1.974070 0.554600 0.009665 -0.000845 -0.044290 0.998972
1755487276.354372 39.635319 -1.985681 0.566691 0.013740 0.005034 -0.055831 0.998333
1755487276.454069 39.730630 -2.003560 0.572537 0.019239 0.012461 -0.061600 0.997838
1755487276.553719 39.823554 -2.020854 0.563729 0.022269 0.017199 -0.063987 0.997554
1755487276.653360 39.916091 -2.040849 0.550024 0.025097 0.018575 -0.064923 0.997402
1755487276.752750 40.008218 -2.064730 0.543351 0.028909 0.014016 -0.055581 0.997937
1755487276.852288 40.098133 -2.084395 0.556028 0.030464 0.008038 -0.044097 0.998530
1755487276.952259 40.186512 -2.089595 0.568419 0.025012 0.004661 -0.033467 0.999116
1755487277.052299 40.281936 -2.091933 0.581226 0.021376 0.009306 -0.024193 0.999435
1755487277.152966 40.381928 -2.092241 0.583662 0.017598 0.015588 -0.020816 0.999507
1755487277.253547 40.480107 -2.090445 0.573274 0.013060 0.019877 -0.025767 0.999385
1755487277.354159 40.576381 -2.085241 0.561773 0.009185 0.020086 -0.028766 0.999342
1755487277.454145 40.668971 -2.075081 0.561584 0.004603 0.012080 -0.028812 0.999501
1755487277.554168 40.761446 -2.069791 0.578770 0.003028 0.008178 -0.032717 0.999427
1755487277.654222 40.854032 -2.069951 0.588573 0.001631 0.010508 -0.040902 0.999107
1755487277.754147 40.952522 -2.079838 0.593136 0.003590 0.018068 -0.047702 0.998692
1755487277.853722 41.052706 -2.094649 0.584113 0.005829 0.025565 -0.049464 0.998432
1755487277.953222 41.151148 -2.117236 0.568748 0.010806 0.029187 -0.046421 0.998437
1755487278.052885 41.245533 -2.144111 0.557947 0.014913 0.025146 -0.043205 0.998638
1755487278.152520 41.337307 -2.168920 0.564795 0.017122 0.015518 -0.037717 0.999021
1755487278.252335 41.432249 -2.183969 0.582705 0.016389 0.014290 -0.028542 0.999356
1755487278.352510 41.528040 -2.187741 0.595795 0.010992 0.016072 -0.023242 0.999540
1755487278.452982 41.628206 -2.190233 0.602484 0.006322 0.020634 -0.026580 0.999414
1755487278.553566 41.729750 -2.192550 0.594724 0.001654 0.024243 -0.036094 0.999053
1755487278.653872 41.835464 -2.192371 0.582570 -0.002167 0.026637 -0.044976 0.998631
1755487278.753610 41.937529 -2.189493 0.580124 -0.004883 0.020159 -0.045797 0.998735
1755487278.853682 42.039010 -2.191109 0.594214 -0.003187 0.017575 -0.047755 0.998699
1755487278.953708 42.139416 -2.198508 0.603016 -0.001477 0.020617 -0.055263 0.998258
1755487279.053449 42.242573 -2.212786 0.609514 0.003453 0.028774 -0.056471 0.997984
1755487279.153131 42.345238 -2.227262 0.600395 0.006073 0.036427 -0.054983 0.997804
1755487279.252763 42.447985 -2.246499 0.585470 0.010245 0.041432 -0.047994 0.997935
1755487279.352409 42.544398 -2.267706 0.573879 0.014865 0.038288 -0.035855 0.998513
1755487279.452516 42.633183 -2.284450 0.578752 0.015329 0.027697 -0.031808 0.998993
1755487279.552568 42.722944 -2.291400 0.591556 0.013257 0.024317 -0.021367 0.999388
1755487279.652919 42.818476 -2.291897 0.606263 0.010641 0.029374 -0.018516 0.999340
1755487279.753605 42.914334 -2.291625 0.608670 0.008787 0.035658 -0.020741 0.999110
1755487279.854077 43.006546 -2.288245 0.599654 0.005903 0.039077 -0.030278 0.998760
1755487279.954103 43.094446 -2.279178 0.590511 0.002765 0.037564 -0.039134 0.998524
1755487280.054178 43.171898 -2.267334 0.585161 0.001981 0.024975 -0.040828 0.998852
1755487280.153445 43.245004 -2.260124 0.594137 0.006077 0.014187 -0.033928 0.999305
1755487280.253693 43.321497 -2.257744 0.602286 0.007893 0.010537 -0.040380 0.999098
1755487280.353575 43.403577 -2.261243 0.612236 0.010995 0.013566 -0.047285 0.998729
1755487280.453472 43.486865 -2.263145 0.609420 0.010468 0.016870 -0.051187 0.998492
1755487280.552792 43.572243 -2.271340 0.598926 0.012343 0.018958 -0.048995 0.998543
1755487280.652809 43.658930 -2.287627 0.589100 0.016657 0.017694 -0.043243 0.998769
1755487280.752667 43.738470 -2.304928 0.584376 0.020083 0.007282 -0.033826 0.999199
1755487280.852798 43.817768 -2.313461 0.599983 0.018160 -0.004046 -0.029466 0.999393
1755487280.953109 43.899962 -2.307903 0.616064 0.010471 -0.008255 -0.027781 0.999525
1755487281.053389 43.990108 -2.303450 0.629382 0.003987 -0.004894 -0.030370 0.999519
1755487281.153720 44.083282 -2.303982 0.630063 0.001792 0.000149 -0.032566 0.999468
1755487281.254032 44.178263 -2.306126 0.619351 0.000471 0.003565 -0.038812 0.999240
1755487281.354284 44.274723 -2.307008 0.607985 0.001130 0.004510 -0.042752 0.999075
1755487281.454154 44.367712 -2.303963 0.607835 0.001871 -0.001539 -0.041813 0.999123
1755487281.553910 44.458298 -2.304858 0.619235 0.004925 -0.003338 -0.045168 0.998962
1755487281.653865 44.550820 -2.311280 0.625696 0.007474 0.000704 -0.053843 0.998521
1755487281.753720 44.647143 -2.325167 0.627550 0.013132 0.008674 -0.058090 0.998187
1755487281.853417 44.742633 -2.336972 0.618280 0.015635 0.015346 -0.056920 0.998138
1755487281.953010 44.838326 -2.350007 0.605881 0.017968 0.019503 -0.049841 0.998405
1755487282.052887 44.933477 -2.362955 0.597583 0.018065 0.018850 -0.043941 0.998693
1755487282.152944 45.023454 -2.373112 0.602941 0.015813 0.010980 -0.041969 0.998933
1755487282.353148 45.212203 -2.370250 0.635604 0.000951 0.005595 -0.023288 0.999713
1755487282.453559 45.303823 -2.372723 0.638988 0.003692 0.011177 -0.025854 0.999596
1755487282.553883 45.398579 -2.375642 0.632217 0.002416 0.015333 -0.030992 0.999399
1755487282.654400 45.494932 -2.377092 0.619070 0.001431 0.017362 -0.039449 0.999070
1755487282.754350 45.586932 -2.375786 0.608050 0.001495 0.012182 -0.044699 0.998925
1755487282.854231 45.674496 -2.376753 0.615703 0.005225 0.006797 -0.042313 0.999068
1755487282.954318 45.759775 -2.378891 0.624678 0.005363 0.006561 -0.053011 0.998558
1755487283.054318 45.846836 -2.388730 0.635315 0.008519 0.011455 -0.060654 0.998057
1755487283.154017 45.933605 -2.398899 0.635031 0.009761 0.016753 -0.065515 0.997663
1755487283.253495 46.020633 -2.412763 0.625640 0.012019 0.021004 -0.063247 0.997704
1755487283.353253 46.103843 -2.428478 0.615250 0.012852 0.020521 -0.059614 0.997928
1755487283.452847 46.179440 -2.441250 0.615673 0.010398 0.012956 -0.054380 0.998382
1755487283.552745 46.250294 -2.448781 0.630367 0.006765 0.006263 -0.044410 0.998971
1755487283.652950 46.321451 -2.447691 0.645323 0.001757 0.004710 -0.035763 0.999348
1755487283.753029 46.398822 -2.447468 0.654441 -0.000345 0.007933 -0.027093 0.999601
1755487283.852891 46.480813 -2.447097 0.650430 -0.002022 0.011869 -0.025238 0.999609
1755487283.954157 46.566264 -2.443906 0.639594 -0.003627 0.013268 -0.027915 0.999516
1755487284.054296 46.648963 -2.438786 0.628711 -0.004169 0.009756 -0.032733 0.999408
1755487284.154363 46.729248 -2.437355 0.631257 -0.001206 0.006405 -0.032170 0.999461
1755487284.254873 46.808828 -2.439327 0.638737 0.000091 0.009932 -0.046592 0.998865
1755487284.354767 46.891464 -2.447964 0.648005 0.001461 0.018666 -0.061439 0.997935
1755487284.454755 46.974812 -2.459332 0.648482 0.002808 0.027274 -0.068530 0.997272
1755487284.554135 47.053926 -2.474123 0.641937 0.004737 0.032264 -0.069987 0.997015
1755487284.653641 47.130160 -2.492884 0.636195 0.006558 0.032257 -0.067995 0.997143
1755487284.753185 47.207675 -2.514582 0.654076 0.008547 0.031071 -0.068877 0.997105
1755487284.853206 47.288083 -2.528351 0.712367 0.005099 0.032052 -0.072882 0.996812
1755487284.952960 47.360688 -2.540221 0.765398 0.006197 0.036558 -0.064158 0.997251
1755487285.052904 47.427560 -2.550896 0.809163 0.010105 0.041333 -0.053520 0.997660
1755487285.152643 47.490473 -2.555622 0.842901 0.013324 0.045404 -0.040944 0.998040
1755487285.253614 47.548272 -2.552241 0.863317 0.012228 0.046131 -0.041274 0.998007
1755487285.354202 47.601911 -2.545154 0.877278 0.010746 0.041750 -0.045851 0.998018
1755487285.454353 47.659259 -2.542625 0.908307 0.016753 0.041883 -0.037299 0.998286
1755487285.554886 47.713207 -2.541497 0.945077 0.018861 0.045667 -0.049291 0.997562
1755487285.655358 47.759122 -2.538072 0.986255 0.014580 0.047369 -0.067248 0.996505
1755487285.755384 47.800559 -2.539274 1.028039 0.011551 0.047838 -0.080262 0.995558
1755487285.854535 47.841086 -2.545031 1.050728 0.009680 0.046391 -0.083811 0.995354
1755487285.953892 47.886302 -2.556320 1.058813 0.008402 0.043959 -0.081480 0.995670
1755487286.053757 47.939922 -2.566727 1.092566 0.003753 0.045011 -0.081918 0.995615
1755487286.153296 47.992512 -2.573998 1.142935 -0.000410 0.048537 -0.073194 0.996136
1755487286.252855 48.037265 -2.588429 1.181814 0.003429 0.051613 -0.059459 0.996890
1755487286.352846 48.080417 -2.598972 1.214092 0.005879 0.054058 -0.048237 0.997355
1755487286.453178 48.124899 -2.606173 1.230322 0.006419 0.055261 -0.045161 0.997429
1755487286.553799 48.174315 -2.613099 1.236602 0.006545 0.056051 -0.046765 0.997311
1755487286.654185 48.225800 -2.617776 1.251848 0.008276 0.054071 -0.047762 0.997360
1755487286.754437 48.274923 -2.623239 1.292158 0.014675 0.052391 -0.044414 0.997531
1755487286.854983 48.320623 -2.623163 1.335180 0.014865 0.052185 -0.055091 0.997006
1755487286.955254 48.366501 -2.623066 1.374373 0.012263 0.053254 -0.067658 0.996211
1755487287.055134 48.410416 -2.627010 1.402467 0.010911 0.053142 -0.073430 0.995824
1755487287.153716 48.453400 -2.633114 1.412458 0.009451 0.051462 -0.071825 0.996044
1755487287.254185 48.502249 -2.641239 1.419179 0.005739 0.049867 -0.071688 0.996163
1755487287.353896 48.554909 -2.652759 1.453697 0.002506 0.049154 -0.070046 0.996329
1755487287.453135 48.600290 -2.663456 1.500295 0.002799 0.049061 -0.055338 0.997258
1755487287.552946 48.639452 -2.676425 1.541573 0.007310 0.047350 -0.039385 0.998075
1755487287.652904 48.680017 -2.689809 1.576192 0.014397 0.047831 -0.020493 0.998541
1755487287.753394 48.720514 -2.697485 1.590956 0.017110 0.047459 -0.015308 0.998609
1755487287.854286 48.766288 -2.701058 1.595454 0.018024 0.047892 -0.017785 0.998532
1755487287.954685 48.817619 -2.699768 1.610392 0.019303 0.047174 -0.019182 0.998516
1755487288.055171 48.873357 -2.699156 1.650796 0.024071 0.050348 -0.023346 0.998169
1755487288.155710 48.923673 -2.692436 1.690636 0.021446 0.055145 -0.038690 0.997498
1755487288.255773 48.969680 -2.688013 1.724338 0.016244 0.057729 -0.056815 0.996582
1755487288.355477 49.016427 -2.689722 1.746671 0.014011 0.060851 -0.067128 0.995788
1755487288.454710 49.064666 -2.695022 1.754572 0.011750 0.062519 -0.067400 0.995696
1755487288.553992 49.113340 -2.703239 1.764926 0.009197 0.060976 -0.063044 0.996104
1755487288.653236 49.161979 -2.710095 1.805764 0.005392 0.061785 -0.058176 0.996378
1755487288.752632 49.197936 -2.714822 1.850201 0.004828 0.060357 -0.041553 0.997300
1755487288.851750 49.226447 -2.719036 1.889908 0.005901 0.055522 -0.025032 0.998126
1755487288.952379 49.253345 -2.721322 1.922932 0.007447 0.051975 -0.010834 0.998562
1755487289.153891 49.329266 -2.719095 1.953177 0.005511 0.045948 -0.008240 0.998895
1755487289.254472 49.368222 -2.715719 1.955191 0.007011 0.048102 -0.012440 0.998740
1755487289.354256 49.408066 -2.711212 1.976568 0.011850 0.046969 -0.009803 0.998778
