# timestamp tx ty tz qx qy qz qw
1755487229.837433 0.002194 -0.001659 -0.002813 0.002848 0.004427 -0.004319 0.999977
1755487229.856529 0.013198 -0.004197 -0.005443 0.003784 0.005662 -0.004328 0.999967
1755487229.937488 0.099851 -0.009410 -0.001964 0.004906 0.009849 -0.000763 0.999939
1755487229.958148 0.130755 -0.017322 -0.012261 0.004203 0.011547 0.001179 0.999924
1755487230.037412 0.249645 -0.031881 -0.004407 0.007920 0.014830 0.008130 0.999826
1755487230.057938 0.274698 -0.024569 -0.013606 0.009831 0.015653 0.011032 0.999768
1755487230.137794 0.377395 -0.036792 -0.011546 0.011305 0.014665 0.019559 0.999637
1755487230.157907 0.400733 -0.045211 -0.005157 0.011755 0.012632 0.022550 0.999597
1755487230.236716 0.489972 -0.059532 0.008855 0.009351 0.009260 0.029572 0.999476
1755487230.257499 0.513800 -0.061791 0.009876 0.009064 0.005809 0.034333 0.999352
1755487230.336318 0.597568 -0.062894 0.030698 0.003363 0.004110 0.038886 0.999230
1755487230.355522 0.617732 -0.061810 0.033046 0.002147 0.002372 0.041385 0.999138
1755487230.436752 0.698758 -0.055261 0.043548 -0.002325 0.000996 0.051673 0.998661
1755487230.456447 0.718769 -0.055204 0.046288 -0.003054 0.000186 0.055377 0.998461
1755487230.537218 0.804811 -0.054321 0.060839 -0.005466 0.004870 0.059897 0.998178
1755487230.556366 0.823464 -0.050640 0.062994 -0.005973 0.003679 0.062043 0.998049
1755487230.636504 0.911887 -0.047864 0.063238 -0.007376 0.007981 0.061253 0.998063
1755487230.656112 0.916666 -0.047433 0.062421 -0.007267 0.007868 0.061281 0.998063
1755487230.734679 1.004569 -0.043182 0.063119 -0.008998 0.010715 0.057838 0.998228
1755487230.754662 1.015856 -0.041483 0.062087 -0.009002 0.010115 0.058379 0.998203
1755487230.835678 1.106551 -0.037160 0.057675 -0.010951 0.011026 0.051477 0.998553
1755487230.855551 1.128563 -0.034743 0.056192 -0.011129 0.008658 0.052668 0.998513
1755487230.937165 1.220607 -0.028161 0.050270 -0.009727 0.004796 0.049394 0.998720
1755487230.956516 1.241950 -0.027332 0.050520 -0.009354 0.001897 0.051436 0.998631
1755487231.036366 1.329962 -0.027035 0.059391 -0.007246 -0.002526 0.044152 0.998995
1755487231.056032 1.352000 -0.026579 0.060368 -0.007018 -0.004765 0.043881 0.999001
1755487231.156368 1.458225 -0.027545 0.059231 -0.006668 -0.006659 0.031849 0.999448
1755487231.238187 1.549838 -0.035591 0.053995 -0.001691 -0.003329 0.024094 0.999703
1755487231.256700 1.563087 -0.036596 0.053200 -0.001284 -0.002916 0.024718 0.999689
1755487231.336900 1.653958 -0.047528 0.052094 0.001665 0.002446 0.022069 0.999752
1755487231.356097 1.676555 -0.050159 0.049292 0.001862 0.003305 0.023510 0.999716
1755487231.437324 1.772269 -0.063865 0.038141 0.005267 0.007323 0.026168 0.999617
1755487231.457976 1.796471 -0.069287 0.032567 0.005987 0.008663 0.029429 0.999511
1755487231.536484 1.892780 -0.087026 0.019163 0.009374 0.011671 0.031926 0.999378
1755487231.556293 1.917241 -0.092001 0.015594 0.009657 0.012652 0.033113 0.999325
1755487231.637584 2.014338 -0.115517 0.009068 0.013445 0.011216 0.038708 0.999097
1755487231.657896 2.038747 -0.119002 0.008620 0.013928 0.011953 0.039420 0.999054
1755487231.735971 2.132033 -0.129895 0.014143 0.012704 0.006863 0.040764 0.999064
1755487231.756079 2.157059 -0.130843 0.016117 0.011442 0.007557 0.041100 0.999061
1755487231.837418 2.251708 -0.135831 0.020155 0.008061 0.005973 0.044998 0.998937
1755487231.856544 2.273986 -0.136290 0.019906 0.007189 0.007424 0.046067 0.998885
1755487231.936315 2.367608 -0.135884 0.023666 0.002367 0.008989 0.049180 0.998747
1755487231.956177 2.388697 -0.134572 0.025115 0.000996 0.012030 0.047573 0.998795
1755487232.037493 2.484569 -0.130599 0.026194 -0.001696 0.014204 0.050320 0.998631
1755487232.056939 2.507914 -0.130670 0.025369 -0.001841 0.016813 0.049443 0.998634
1755487232.136281 2.602607 -0.122640 0.025570 -0.004364 0.018272 0.049164 0.998614
1755487232.155981 2.626536 -0.120419 0.024566 -0.004993 0.019785 0.047569 0.998659
1755487232.236877 2.723224 -0.104868 0.024291 -0.008514 0.019230 0.044332 0.998795
1755487232.256368 2.745374 -0.100742 0.024191 -0.009302 0.019832 0.042936 0.998838
1755487232.336576 2.836944 -0.081937 0.030050 -0.012342 0.014379 0.041310 0.998967
1755487232.356401 2.858639 -0.077810 0.033304 -0.013059 0.013194 0.042015 0.998944
1755487232.436979 2.947831 -0.063283 0.052680 -0.012289 0.006887 0.044128 0.998927
1755487232.456936 2.968319 -0.060565 0.057731 -0.011705 0.005611 0.043479 0.998970
1755487232.536942 3.049247 -0.050466 0.068409 -0.012334 0.001027 0.033764 0.999353
1755487232.556630 3.069593 -0.048986 0.070470 -0.012495 0.000175 0.032016 0.999409
1755487232.637280 3.155364 -0.046562 0.078210 -0.011096 0.001261 0.023032 0.999672
1755487232.656410 3.176298 -0.047310 0.079702 -0.010462 0.001549 0.022175 0.999698
1755487232.737890 3.267545 -0.052399 0.081123 -0.008122 0.005687 0.016985 0.999807
1755487232.757024 3.288914 -0.054538 0.080799 -0.007537 0.006386 0.017803 0.999793
1755487232.837533 3.377554 -0.067172 0.074414 -0.004467 0.010639 0.017529 0.999780
1755487232.857517 3.399398 -0.071511 0.073153 -0.003452 0.011086 0.020429 0.999724
1755487232.937284 3.486130 -0.090380 0.064990 -0.000029 0.012983 0.024474 0.999616
1755487232.956321 3.506626 -0.095288 0.064002 0.000430 0.012629 0.026573 0.999567
1755487233.037731 3.590823 -0.117761 0.059578 0.001796 0.009988 0.029136 0.999524
1755487233.056906 3.610163 -0.123646 0.060091 0.001909 0.009124 0.030085 0.999504
1755487233.137218 3.689458 -0.144756 0.066602 0.000927 0.002999 0.029321 0.999565
1755487233.156666 3.708543 -0.148908 0.070352 0.000000 0.002015 0.030708 0.999526
1755487233.235789 3.783606 -0.163511 0.079037 -0.002078 -0.001015 0.026696 0.999641
1755487233.255970 3.801262 -0.167364 0.081097 -0.002445 -0.001640 0.028465 0.999590
1755487233.338192 3.878220 -0.180240 0.088390 -0.003684 -0.001939 0.028306 0.999591
1755487233.358382 3.897314 -0.183451 0.090340 -0.004018 -0.001183 0.029212 0.999564
1755487233.437274 3.974557 -0.194521 0.092736 -0.003855 0.000715 0.024496 0.999692
1755487233.456749 3.993912 -0.197801 0.092335 -0.003881 0.001944 0.024352 0.999694
1755487233.539590 4.079537 -0.206975 0.085477 -0.003433 0.005711 0.017031 0.999833
1755487233.557840 4.099126 -0.209231 0.083456 -0.003567 0.007235 0.015492 0.999847
1755487233.637963 4.185570 -0.213272 0.073533 -0.003921 0.010663 0.004874 0.999924
1755487233.656961 4.205928 -0.214101 0.071453 -0.004305 0.012062 0.003085 0.999913
1755487233.736609 4.288598 -0.214467 0.065998 -0.004843 0.011080 -0.008298 0.999892
1755487233.755843 4.307857 -0.214816 0.066386 -0.004916 0.010935 -0.008935 0.999888
1755487233.837733 4.387495 -0.213770 0.075710 -0.004254 0.006532 -0.014638 0.999862
1755487233.856884 4.405411 -0.213810 0.079002 -0.004159 0.006764 -0.016223 0.999837
1755487233.937366 4.477990 -0.214072 0.088857 -0.003914 0.004387 -0.026465 0.999632
1755487233.956972 4.495637 -0.216043 0.091263 -0.003479 0.005239 -0.028157 0.999584
1755487234.037733 4.570601 -0.223300 0.098671 -0.000721 0.008199 -0.033826 0.999394
1755487234.057633 4.589062 -0.225428 0.100047 0.000016 0.009890 -0.034484 0.999356
1755487234.137820 4.666039 -0.234364 0.098993 0.001944 0.014925 -0.037624 0.999179
1755487234.157830 4.685235 -0.237337 0.098039 0.002486 0.016644 -0.037633 0.999150
1755487234.238272 4.763584 -0.251599 0.091507 0.005671 0.021537 -0.037726 0.999040
1755487234.257073 4.780807 -0.256138 0.089914 0.006806 0.022729 -0.036568 0.999049
1755487234.337023 4.854759 -0.276751 0.081643 0.011357 0.024320 -0.035741 0.999001
1755487234.356085 4.871525 -0.282478 0.080217 0.012239 0.024460 -0.035517 0.998995
1755487234.436883 4.939430 -0.304997 0.075427 0.016004 0.020168 -0.033171 0.999118
1755487234.456721 4.955217 -0.310735 0.075785 0.016850 0.018977 -0.032545 0.999148
1755487234.538053 5.020195 -0.327118 0.084824 0.016543 0.011000 -0.033345 0.999246
1755487234.558256 5.035839 -0.329497 0.089207 0.015733 0.010264 -0.033298 0.999269
1755487234.637426 5.096351 -0.334272 0.099218 0.010312 0.006036 -0.034060 0.999348
1755487234.657217 5.111002 -0.335186 0.100633 0.009192 0.005698 -0.032438 0.999415
1755487234.738110 5.174466 -0.336312 0.107526 0.003927 0.006390 -0.033258 0.999419
1755487234.757679 5.190133 -0.337193 0.110309 0.002771 0.007743 -0.032895 0.999425
1755487234.837769 5.255379 -0.339959 0.116682 0.000012 0.010558 -0.032042 0.999431
1755487234.857647 5.270894 -0.341330 0.117232 -0.000467 0.011662 -0.031125 0.999447
1755487234.936836 5.331147 -0.345150 0.113769 -0.002165 0.012615 -0.032983 0.999374
1755487234.957303 5.346149 -0.346070 0.112399 -0.002900 0.013273 -0.033035 0.999362
1755487235.038900 5.407630 -0.346914 0.104458 -0.004791 0.012139 -0.034985 0.999303
1755487235.058529 5.422448 -0.347301 0.103223 -0.005033 0.012459 -0.034226 0.999324
1755487235.139332 5.481994 -0.346688 0.101109 -0.005479 0.006628 -0.032303 0.999441
1755487235.157519 5.494465 -0.346605 0.101946 -0.005658 0.004691 -0.030066 0.999521
1755487235.238426 5.549117 -0.346643 0.112937 -0.004434 -0.005942 -0.024280 0.999678
1755487235.258119 5.555826 -0.347140 0.115151 -0.004132 -0.006619 -0.024201 0.999677
1755487235.337953 5.608927 -0.349664 0.126149 -0.002854 -0.012554 -0.030713 0.999445
1755487235.357282 5.622299 -0.351290 0.128313 -0.002553 -0.012661 -0.031334 0.999425
1755487235.437979 5.683246 -0.360964 0.136883 0.000721 -0.010629 -0.036100 0.999291
1755487235.457678 5.699021 -0.364031 0.138433 0.001651 -0.009016 -0.036427 0.999294
1755487235.537418 5.764317 -0.375242 0.138383 0.004057 -0.003869 -0.037857 0.999267
1755487235.557297 5.780754 -0.378399 0.137149 0.004434 -0.002192 -0.036881 0.999307
1755487235.638728 5.850362 -0.392346 0.128473 0.006588 0.004112 -0.036114 0.999317
1755487235.658350 5.859120 -0.394562 0.127408 0.006869 0.004939 -0.035172 0.999345
1755487235.738975 5.929986 -0.411755 0.118937 0.009456 0.009843 -0.028055 0.999513
1755487235.758191 5.946578 -0.416279 0.117176 0.010088 0.010745 -0.025683 0.999561
1755487235.838500 6.014038 -0.434091 0.111668 0.010340 0.010700 -0.022027 0.999647
1755487235.857799 6.029529 -0.437725 0.111930 0.009968 0.010518 -0.023214 0.999625
1755487235.939471 6.092973 -0.449215 0.121950 0.004711 0.007633 -0.029474 0.999525
1755487235.958695 6.107465 -0.451292 0.125561 0.003602 0.007558 -0.027968 0.999574
1755487236.037956 6.163798 -0.459159 0.136289 0.000588 0.007033 -0.024107 0.999684
1755487236.057255 6.171283 -0.460206 0.137272 0.000336 0.007159 -0.023013 0.999709
1755487236.139617 6.226522 -0.466755 0.143829 -0.002004 0.009191 -0.018346 0.999787
1755487236.159895 6.240396 -0.468475 0.145194 -0.002211 0.010609 -0.016720 0.999801
1755487236.238105 6.295412 -0.474346 0.147989 -0.002031 0.015064 -0.013531 0.999793
1755487236.257046 6.308833 -0.475693 0.147863 -0.001893 0.016852 -0.012572 0.999777
1755487236.338870 6.366189 -0.479562 0.144729 -0.001709 0.021414 -0.013986 0.999671
1755487236.358377 6.379411 -0.480305 0.143191 -0.001526 0.022767 -0.014600 0.999633
1755487236.439326 6.432693 -0.479736 0.136366 -0.001380 0.024561 -0.019500 0.999507
1755487236.458554 6.439027 -0.479594 0.135730 -0.001490 0.024916 -0.020183 0.999485
1755487236.539373 6.487322 -0.472911 0.129981 -0.001887 0.022330 -0.025964 0.999412
1755487236.558392 6.497707 -0.471353 0.129312 -0.001679 0.020945 -0.025924 0.999443
1755487236.638926 6.539984 -0.465262 0.134027 0.001601 0.014323 -0.020607 0.999684
1755487236.658388 6.544808 -0.464918 0.135257 0.002254 0.013680 -0.020038 0.999703
1755487236.738899 6.581356 -0.459184 0.142656 0.004689 0.006807 -0.023645 0.999686
1755487236.758799 6.589896 -0.457986 0.143664 0.004734 0.005977 -0.024780 0.999664
1755487236.838808 6.626677 -0.455084 0.148037 0.005562 0.003597 -0.031232 0.999490
1755487236.858204 6.636185 -0.455206 0.148896 0.005862 0.004280 -0.032619 0.999442
1755487236.938464 6.678051 -0.455977 0.149694 0.006714 0.006176 -0.039395 0.999182
1755487236.959269 6.689318 -0.456557 0.148952 0.006668 0.007451 -0.040506 0.999129
1755487237.038349 6.733696 -0.458932 0.144347 0.006354 0.010202 -0.045931 0.998872
1755487237.057576 6.744506 -0.460323 0.143091 0.006281 0.011265 -0.046057 0.998856
1755487237.139015 6.790529 -0.468150 0.136655 0.007524 0.012460 -0.046403 0.998817
1755487237.158967 6.801406 -0.470966 0.135191 0.007842 0.012733 -0.045158 0.998868
1755487237.239792 6.845459 -0.484025 0.129384 0.009988 0.011002 -0.042572 0.998983
1755487237.259680 6.850792 -0.486171 0.128910 0.010189 0.010722 -0.041477 0.999030
1755487237.337903 6.892712 -0.499684 0.128944 0.010948 0.005730 -0.039157 0.999157
1755487237.356923 6.902939 -0.502036 0.130759 0.010446 0.004705 -0.037283 0.999239
1755487237.438578 6.948683 -0.508088 0.145297 0.006522 0.002124 -0.037491 0.999273
1755487237.457610 6.954629 -0.508901 0.147384 0.005945 0.002683 -0.036657 0.999307
1755487237.538577 6.997602 -0.512159 0.156251 0.003162 0.001791 -0.030918 0.999515
1755487237.557730 7.007773 -0.513002 0.158177 0.002415 0.002471 -0.028979 0.999574
1755487237.638375 7.051642 -0.517844 0.164567 0.001459 0.005006 -0.025615 0.999658
1755487237.657699 7.062017 -0.519445 0.165269 0.001390 0.006187 -0.024197 0.999687
1755487237.738381 7.105447 -0.525801 0.164083 0.002223 0.008764 -0.021718 0.999723
1755487237.757463 7.115738 -0.527159 0.163117 0.002252 0.009601 -0.020911 0.999733
1755487237.838330 7.160405 -0.530546 0.156389 0.002679 0.011038 -0.020054 0.999734
1755487237.859688 7.172461 -0.530886 0.154341 0.002631 0.011739 -0.018943 0.999748
1755487237.937638 7.217257 -0.528283 0.147727 0.001618 0.011950 -0.020531 0.999716
1755487237.956991 7.228169 -0.527110 0.146398 0.001237 0.011907 -0.020253 0.999723
1755487238.038909 7.272681 -0.519689 0.142041 -0.000529 0.006799 -0.021977 0.999735
1755487238.057638 7.282646 -0.518214 0.142244 -0.000838 0.005770 -0.020542 0.999772
1755487238.138327 7.324889 -0.511677 0.147911 0.000031 -0.000800 -0.017452 0.999847
1755487238.158162 7.335146 -0.510378 0.150080 0.000130 -0.001331 -0.018896 0.999821
1755487238.239371 7.377525 -0.504204 0.156424 -0.001855 -0.002910 -0.027693 0.999611
1755487238.258018 7.387608 -0.503684 0.158186 -0.002134 -0.002151 -0.028754 0.999582
1755487238.338370 7.434661 -0.505610 0.166232 -0.000988 0.001387 -0.034510 0.999403
1755487238.357469 7.446273 -0.506991 0.167467 -0.000565 0.002864 -0.034911 0.999386
1755487238.437916 7.494965 -0.512847 0.166046 0.000934 0.008311 -0.037239 0.999271
1755487238.457050 7.506522 -0.514808 0.164092 0.001099 0.009734 -0.037132 0.999262
1755487238.536362 7.555700 -0.525530 0.154382 0.003605 0.014749 -0.036967 0.999201
1755487238.555969 7.568033 -0.529456 0.152104 0.004612 0.016000 -0.035530 0.999230
1755487238.639639 7.619467 -0.548150 0.143721 0.009659 0.018266 -0.030302 0.999327
1755487238.658738 7.625498 -0.551176 0.142952 0.010203 0.018312 -0.028902 0.999362
1755487238.737278 7.668854 -0.569365 0.139225 0.014646 0.013999 -0.021727 0.999559
1755487238.756470 7.679009 -0.573292 0.139970 0.015023 0.013257 -0.021896 0.999559
1755487238.837994 7.718849 -0.583000 0.149547 0.013500 0.006144 -0.019294 0.999704
1755487238.857982 7.728202 -0.584151 0.153430 0.012474 0.005398 -0.017839 0.999748
1755487238.938545 7.765102 -0.584196 0.165259 0.008317 0.002074 -0.012656 0.999883
1755487238.957914 7.774007 -0.583564 0.167063 0.006855 0.002073 -0.011026 0.999914
1755487239.038945 7.815306 -0.578066 0.173702 0.001397 0.004328 -0.009942 0.999940
1755487239.058122 7.826041 -0.577018 0.174980 0.000096 0.005987 -0.008827 0.999943
1755487239.138276 7.872933 -0.572234 0.176525 -0.003337 0.011127 -0.007674 0.999903
1755487239.156672 7.883731 -0.571588 0.175800 -0.004104 0.012657 -0.007000 0.999887
1755487239.239058 7.932000 -0.567348 0.168802 -0.006398 0.017092 -0.008449 0.999798
1755487239.258483 7.938067 -0.567041 0.167888 -0.006713 0.017831 -0.008367 0.999783
1755487239.337127 7.983556 -0.561099 0.159785 -0.008272 0.020183 -0.010214 0.999710
1755487239.356761 7.994557 -0.559367 0.158311 -0.008710 0.020471 -0.010286 0.999700
1755487239.439624 8.038069 -0.550220 0.154502 -0.009408 0.016241 -0.011543 0.999757
1755487239.459208 8.047601 -0.548361 0.154760 -0.009295 0.014772 -0.009967 0.999798
1755487239.537715 8.083165 -0.542866 0.162155 -0.006142 0.007242 -0.005730 0.999938
1755487239.556700 8.091173 -0.541895 0.164850 -0.005694 0.005699 -0.005427 0.999953
1755487239.638705 8.126070 -0.537115 0.173040 -0.004961 0.001216 -0.012414 0.999910
1755487239.657753 8.134511 -0.536486 0.174494 -0.004821 0.001019 -0.013629 0.999895
1755487239.737172 8.174717 -0.537385 0.180816 -0.002568 0.002135 -0.021729 0.999758
1755487239.756660 8.185349 -0.538563 0.182124 -0.001756 0.003322 -0.022952 0.999729
1755487239.837531 8.230359 -0.544122 0.181205 0.001745 0.007256 -0.025242 0.999654
1755487239.857081 8.241130 -0.545586 0.179526 0.002449 0.008403 -0.025050 0.999648
1755487239.939236 8.285625 -0.552330 0.170066 0.004568 0.011172 -0.026085 0.999587
1755487239.958463 8.295806 -0.554294 0.167776 0.005061 0.011626 -0.024899 0.999610
1755487240.038757 8.338425 -0.564412 0.159066 0.008454 0.011567 -0.018863 0.999719
1755487240.058333 8.348832 -0.567126 0.157197 0.009136 0.011378 -0.016973 0.999749
1755487240.139177 8.390483 -0.576964 0.152163 0.011419 0.006639 -0.007143 0.999887
1755487240.158104 8.400193 -0.578847 0.152129 0.011519 0.005555 -0.005466 0.999903
1755487240.239227 8.442632 -0.582120 0.159633 0.009697 -0.000276 -0.003703 0.999946
1755487240.258915 8.453360 -0.581902 0.163342 0.008728 -0.000746 -0.002066 0.999959
1755487240.339285 8.497410 -0.576590 0.177682 0.003622 -0.001859 0.004252 0.999983
1755487240.358782 8.507792 -0.575288 0.179520 0.002722 -0.001496 0.007657 0.999966
1755487240.437903 8.550757 -0.568162 0.184246 -0.000632 0.000780 0.013243 0.999912
1755487240.457859 8.562105 -0.566417 0.185078 -0.001578 0.002273 0.014783 0.999887
1755487240.539500 8.611700 -0.558927 0.186812 -0.003940 0.008235 0.018565 0.999786
1755487240.559749 8.623852 -0.556903 0.186375 -0.004603 0.010071 0.019223 0.999754
1755487240.641270 8.672414 -0.546849 0.182163 -0.006759 0.015424 0.017928 0.999697
1755487240.660102 8.683236 -0.544189 0.180260 -0.007482 0.016507 0.017789 0.999677
1755487240.741565 8.729762 -0.530951 0.171650 -0.008742 0.018413 0.014628 0.999685
1755487240.760120 8.740050 -0.527459 0.169652 -0.009195 0.018804 0.014132 0.999681
1755487240.839294 8.783366 -0.511405 0.162893 -0.009528 0.016898 0.011222 0.999749
1755487240.860043 8.794039 -0.507039 0.161725 -0.009566 0.015714 0.012311 0.999755
1755487240.940038 8.835217 -0.493373 0.166030 -0.005164 0.011033 0.021123 0.999703
1755487240.960703 8.845302 -0.490709 0.168413 -0.003619 0.010134 0.023939 0.999655
1755487241.040939 8.883503 -0.480444 0.175776 0.000092 0.007624 0.023632 0.999692
1755487241.060417 8.892629 -0.477776 0.176677 0.000271 0.007658 0.023101 0.999704
1755487241.139962 8.934339 -0.470677 0.180994 0.002730 0.009486 0.018776 0.999775
1755487241.158865 8.944880 -0.469578 0.182070 0.003215 0.010710 0.018349 0.999769
1755487241.239647 8.993091 -0.464600 0.182917 0.004638 0.015452 0.014132 0.999770
1755487241.259339 9.004826 -0.463230 0.181756 0.004348 0.016750 0.014086 0.999751
1755487241.338851 9.053926 -0.460101 0.173868 0.004386 0.020549 0.011381 0.999714
1755487241.358497 9.065896 -0.460059 0.171530 0.004429 0.021409 0.011689 0.999693
1755487241.439190 9.114183 -0.465828 0.163686 0.007544 0.021912 0.014537 0.999626
1755487241.459746 9.126175 -0.468339 0.161649 0.008204 0.021658 0.015682 0.999609
1755487241.540880 9.171758 -0.480019 0.155119 0.012238 0.016908 0.020278 0.999576
1755487241.560872 9.178835 -0.482163 0.154450 0.012579 0.015772 0.021681 0.999561
1755487241.639776 9.223260 -0.492701 0.156926 0.014625 0.007521 0.024990 0.999552
1755487241.658676 9.234174 -0.494951 0.159443 0.014728 0.006087 0.027566 0.999493
1755487241.739570 9.280865 -0.501025 0.172451 0.013599 0.002767 0.031632 0.999403
1755487241.759619 9.292325 -0.501715 0.174434 0.013263 0.002639 0.033724 0.999340
1755487241.840788 9.342606 -0.500944 0.183068 0.010251 0.004314 0.034897 0.999329
1755487241.859464 9.354908 -0.500505 0.184772 0.009249 0.005760 0.034757 0.999336
1755487241.940197 9.412088 -0.497734 0.189696 0.006486 0.011136 0.032025 0.999404
1755487241.959846 9.426203 -0.497543 0.189520 0.005975 0.012933 0.031515 0.999402
1755487242.040268 9.485680 -0.497404 0.184906 0.004816 0.019386 0.026111 0.999459
1755487242.060542 9.501093 -0.497605 0.182623 0.004452 0.021281 0.025443 0.999440
1755487242.139982 9.564088 -0.497342 0.173839 0.003719 0.026758 0.020488 0.999425
1755487242.160513 9.580312 -0.496891 0.171257 0.003264 0.027921 0.020114 0.999402
1755487242.241161 9.644166 -0.493068 0.163860 0.002169 0.029755 0.018304 0.999387
1755487242.259243 9.657888 -0.491619 0.162371 0.001451 0.029537 0.017923 0.999402
1755487242.339913 9.717081 -0.483348 0.161392 -0.001607 0.023280 0.013433 0.999637
1755487242.359340 9.730860 -0.481598 0.163173 -0.002301 0.021532 0.014490 0.999661
1755487242.440957 9.788376 -0.478845 0.177507 -0.002161 0.015941 0.012337 0.999794
1755487242.459296 9.800853 -0.478609 0.180053 -0.001919 0.015509 0.011215 0.999815
1755487242.539320 9.855600 -0.481221 0.188704 -0.002152 0.013281 0.001845 0.999908
1755487242.558889 9.869729 -0.482927 0.190634 -0.001767 0.013683 0.000807 0.999904
1755487242.639287 9.932593 -0.494932 0.197284 0.001745 0.016561 -0.005020 0.999849
1755487242.659504 9.940914 -0.496734 0.197707 0.002210 0.017084 -0.005151 0.999838
1755487242.739216 10.006691 -0.512452 0.196576 0.005988 0.021126 -0.009510 0.999714
1755487242.758884 10.022760 -0.516518 0.194993 0.006689 0.021884 -0.009963 0.999689
1755487242.841095 10.091811 -0.537872 0.187051 0.010502 0.023684 -0.012327 0.999588
1755487242.860160 10.107461 -0.543531 0.185128 0.011439 0.023317 -0.010649 0.999606
1755487242.940009 10.172627 -0.566965 0.179441 0.014865 0.021094 -0.009106 0.999626
1755487242.959101 10.187457 -0.572085 0.178524 0.014784 0.019590 -0.008310 0.999664
1755487243.039431 10.250420 -0.591141 0.179858 0.012887 0.012405 -0.013404 0.999750
1755487243.059112 10.265620 -0.594694 0.181870 0.011908 0.010211 -0.014289 0.999775
1755487243.139262 10.328466 -0.605241 0.197190 0.007256 0.006043 -0.016894 0.999813
1755487243.158644 10.333520 -0.605858 0.198613 0.006807 0.005969 -0.016813 0.999818
1755487243.239546 10.397527 -0.611612 0.210926 0.002541 0.005065 -0.014700 0.999876
1755487243.258979 10.406288 -0.612052 0.212350 0.001941 0.005336 -0.014752 0.999875
1755487243.339758 10.474719 -0.615963 0.220209 -0.001570 0.008229 -0.017347 0.999814
1755487243.358615 10.491029 -0.617155 0.220759 -0.001892 0.009019 -0.017012 0.999813
1755487243.440394 10.563740 -0.622275 0.218879 -0.002235 0.012258 -0.017931 0.999762
1755487243.458937 10.580473 -0.622958 0.217782 -0.002618 0.012912 -0.018491 0.999742
1755487243.540577 10.655249 -0.623404 0.211934 -0.003520 0.015132 -0.021186 0.999655
1755487243.560307 10.673346 -0.622779 0.210762 -0.003991 0.015412 -0.021913 0.999633
1755487243.639609 10.744633 -0.617976 0.205634 -0.005164 0.014960 -0.024356 0.999578
1755487243.659259 10.753628 -0.617021 0.204875 -0.005398 0.014396 -0.024334 0.999586
1755487243.739954 10.822260 -0.610187 0.201671 -0.005315 0.007597 -0.018287 0.999790
1755487243.759434 10.838776 -0.608912 0.202732 -0.004828 0.006323 -0.015049 0.999855
1755487243.840043 10.904993 -0.604870 0.208702 -0.002019 0.001975 -0.011565 0.999929
1755487243.859787 10.921217 -0.603345 0.210110 -0.002205 0.001602 -0.011763 0.999927
1755487243.939919 10.987172 -0.601021 0.213547 -0.001655 0.001624 -0.011949 0.999926
1755487243.959163 11.003625 -0.601551 0.215357 -0.000936 0.002553 -0.011062 0.999935
1755487244.039664 11.074441 -0.607520 0.220636 0.003416 0.007618 -0.008188 0.999932
1755487244.059476 11.084052 -0.608326 0.221379 0.003871 0.008615 -0.007129 0.999930
1755487244.139671 11.156073 -0.615161 0.218682 0.007336 0.014961 -0.000693 0.999861
1755487244.158990 11.173797 -0.616747 0.217272 0.007950 0.016636 0.000906 0.999830
1755487244.240236 11.250067 -0.626770 0.208685 0.011752 0.022386 0.010288 0.999627
1755487244.260669 11.269710 -0.629561 0.206622 0.012652 0.023748 0.013042 0.999553
1755487244.340742 11.346517 -0.642125 0.198499 0.016352 0.026881 0.023236 0.999235
1755487244.359854 11.364473 -0.644886 0.197246 0.016867 0.027324 0.025628 0.999156
1755487244.440223 11.435645 -0.656175 0.194726 0.018609 0.023986 0.035507 0.998908
1755487244.459831 11.444086 -0.656914 0.195305 0.018444 0.023499 0.035746 0.998914
1755487244.540952 11.510273 -0.660444 0.205300 0.012967 0.016699 0.038018 0.999053
1755487244.561339 11.526692 -0.659918 0.209155 0.011123 0.016054 0.040051 0.999007
1755487244.641920 11.589636 -0.654803 0.218003 0.004732 0.013453 0.048917 0.998701
1755487244.660195 11.596153 -0.653770 0.219239 0.003966 0.013530 0.049864 0.998656
1755487244.739643 11.660561 -0.643994 0.226088 -0.003417 0.014910 0.058146 0.998191
1755487244.759349 11.677378 -0.641808 0.227914 -0.004792 0.016255 0.060583 0.998019
1755487244.840930 11.747507 -0.632024 0.231147 -0.008193 0.020407 0.068916 0.997380
1755487244.860359 11.764244 -0.629450 0.230605 -0.009036 0.021585 0.069959 0.997275
1755487244.940716 11.832601 -0.619073 0.225263 -0.011910 0.023699 0.071548 0.997084
1755487244.960101 11.849407 -0.616093 0.223609 -0.012827 0.024232 0.070963 0.997102
1755487245.040194 11.918210 -0.603107 0.217422 -0.015706 0.024583 0.068079 0.997253
1755487245.059331 11.934467 -0.599384 0.216048 -0.016203 0.024311 0.067162 0.997314
1755487245.139736 11.997970 -0.586769 0.214026 -0.017317 0.018705 0.061878 0.997758
1755487245.159739 12.013154 -0.583575 0.215160 -0.017535 0.016726 0.061797 0.997795
1755487245.240958 12.070921 -0.574820 0.224293 -0.015635 0.008133 0.059549 0.998070
1755487245.261897 12.085404 -0.573027 0.226970 -0.015099 0.006630 0.057789 0.998193
1755487245.340072 12.136923 -0.570757 0.232146 -0.013021 0.001533 0.049558 0.998685
1755487245.360184 12.151104 -0.570659 0.233782 -0.012579 0.001180 0.046994 0.998815
1755487245.440046 12.209589 -0.574694 0.239601 -0.008708 0.001713 0.037238 0.999267
1755487245.459174 12.224222 -0.575736 0.240821 -0.008008 0.002267 0.035163 0.999347
1755487245.540365 12.284873 -0.581746 0.240719 -0.004811 0.003919 0.028360 0.999579
1755487245.559423 12.299604 -0.583420 0.240177 -0.004211 0.004490 0.027203 0.999611
1755487245.640924 12.362651 -0.594485 0.233663 0.000075 0.005905 0.024830 0.999674
1755487245.660617 12.378413 -0.597914 0.232135 0.001379 0.006533 0.025334 0.999657
1755487245.740720 12.443135 -0.613699 0.223407 0.006855 0.007328 0.025490 0.999625
1755487245.760157 12.447344 -0.614686 0.223094 0.007114 0.007363 0.025330 0.999627
1755487245.840367 12.510696 -0.631533 0.215714 0.011191 0.003950 0.026549 0.999577
1755487245.860230 12.518037 -0.633243 0.215419 0.011417 0.003563 0.026407 0.999580
1755487245.940262 12.580567 -0.645053 0.217583 0.012180 -0.002073 0.030631 0.999454
1755487245.959979 12.585250 -0.645652 0.218857 0.012065 -0.002201 0.031201 0.999438
1755487246.040321 12.648537 -0.647837 0.229657 0.008057 -0.001753 0.038268 0.999234
1755487246.060500 12.663916 -0.647551 0.231010 0.007262 -0.000799 0.042616 0.999065
1755487246.140343 12.725300 -0.642397 0.234483 0.003812 0.002284 0.054863 0.998484
1755487246.159722 12.729704 -0.641750 0.235692 0.003501 0.003038 0.055439 0.998451
1755487246.240392 12.794640 -0.633806 0.237839 0.000571 0.010175 0.066344 0.997745
1755487246.261324 12.811450 -0.632238 0.237750 -0.000067 0.012373 0.068577 0.997569
1755487246.340365 12.874205 -0.622501 0.235993 -0.000941 0.016516 0.078792 0.996754
1755487246.360918 12.879022 -0.621337 0.236272 -0.001157 0.017034 0.079584 0.996682
1755487246.441252 12.940511 -0.604109 0.233520 -0.004414 0.019024 0.093101 0.995465
1755487246.460589 12.954817 -0.599539 0.233035 -0.005440 0.019298 0.095859 0.995193
1755487246.540954 13.011082 -0.578564 0.231301 -0.007853 0.016280 0.109453 0.993828
1755487246.560502 13.024449 -0.573828 0.231186 -0.008362 0.015203 0.113458 0.993391
1755487246.641101 13.079308 -0.557556 0.234861 -0.007221 0.009803 0.132048 0.991169
1755487246.660848 13.085595 -0.555956 0.235802 -0.006799 0.009263 0.133616 0.990967
1755487246.741621 13.139887 -0.545507 0.244612 -0.003358 0.004945 0.144918 0.989426
1755487246.760898 13.148128 -0.544143 0.245522 -0.002917 0.004789 0.145552 0.989335
1755487246.840478 13.203370 -0.541108 0.248160 0.000956 0.003841 0.148062 0.988970
1755487246.860721 13.218753 -0.541100 0.249101 0.002275 0.004888 0.148496 0.988898
1755487246.941068 13.282147 -0.545305 0.250710 0.006858 0.008932 0.144859 0.989388
1755487246.959794 13.297665 -0.545913 0.250562 0.007722 0.010297 0.143964 0.989499
1755487247.041103 13.364166 -0.552089 0.245955 0.009911 0.014910 0.136064 0.990538
1755487247.060127 13.380261 -0.553286 0.244428 0.010179 0.015996 0.134007 0.990799
1755487247.141040 13.446741 -0.563414 0.235829 0.011320 0.018440 0.123911 0.992057
1755487247.160828 13.463241 -0.566072 0.234017 0.011494 0.018746 0.121179 0.992387
1755487247.243786 13.527148 -0.581177 0.226400 0.012280 0.015622 0.110354 0.993694
1755487247.260174 13.531871 -0.582287 0.226140 0.012271 0.015253 0.109374 0.993808
1755487247.342803 13.589408 -0.596452 0.226741 0.009793 0.006916 0.091814 0.995704
1755487247.359612 13.601231 -0.598384 0.229092 0.009123 0.005713 0.089273 0.995949
1755487247.439930 13.655962 -0.605665 0.242381 0.004158 0.002372 0.078042 0.996939
1755487247.459530 13.669540 -0.606754 0.244983 0.003518 0.002273 0.077964 0.996947
1755487247.541130 13.726450 -0.609734 0.255127 -0.000047 0.002537 0.071829 0.997414
1755487247.560032 13.740677 -0.609784 0.257785 -0.000963 0.003576 0.069575 0.997570
1755487247.640691 13.802199 -0.611011 0.264271 -0.003142 0.007098 0.064828 0.997866
1755487247.660021 13.809330 -0.611150 0.264626 -0.003275 0.007772 0.064105 0.997908
1755487247.740682 13.873162 -0.612277 0.259784 -0.004107 0.011468 0.059170 0.998174
1755487247.759598 13.877840 -0.612109 0.259307 -0.004147 0.011721 0.058785 0.998193
1755487247.840406 13.945699 -0.609984 0.251398 -0.005054 0.014661 0.056031 0.998309
1755487247.859881 13.962408 -0.608775 0.250059 -0.005321 0.015239 0.055216 0.998344
1755487247.940996 14.031324 -0.602410 0.245050 -0.006417 0.014747 0.053470 0.998440
1755487247.960065 14.036109 -0.601780 0.244507 -0.006442 0.014372 0.053152 0.998462
1755487248.040717 14.103354 -0.595940 0.244909 -0.006137 0.008547 0.051571 0.998614
1755487248.059823 14.119195 -0.595089 0.246583 -0.005571 0.007499 0.051637 0.998622
1755487248.141303 14.186787 -0.593812 0.252875 -0.003204 0.005060 0.046012 0.998923
1755487248.159861 14.201987 -0.593605 0.253189 -0.002815 0.005106 0.044384 0.998998
1755487248.241722 14.272872 -0.596045 0.254332 -0.001542 0.008523 0.031410 0.999469
1755487248.260534 14.290103 -0.597156 0.255507 -0.001058 0.010445 0.028742 0.999532
1755487248.340092 14.365692 -0.605084 0.259044 0.002221 0.017137 0.021208 0.999626
1755487248.359882 14.384798 -0.607204 0.259313 0.002949 0.019091 0.020057 0.999612
1755487248.439895 14.460426 -0.617452 0.255034 0.005733 0.023960 0.015448 0.999577
1755487248.459782 14.479038 -0.620312 0.252834 0.006233 0.024852 0.015420 0.999553
1755487248.540486 14.553118 -0.634811 0.241820 0.009180 0.026555 0.014766 0.999496
1755487248.559636 14.558417 -0.636026 0.241429 0.009306 0.026630 0.014826 0.999492
1755487248.641651 14.630446 -0.651615 0.234580 0.011635 0.022328 0.017958 0.999522
1755487248.660115 14.645763 -0.654182 0.234682 0.011011 0.020833 0.017276 0.999573
1755487248.739870 14.709346 -0.662058 0.242941 0.006758 0.012122 0.013963 0.999806
1755487248.759521 14.724810 -0.662512 0.246738 0.005213 0.010865 0.014327 0.999825
1755487248.840499 14.787893 -0.663722 0.258577 0.000524 0.006642 0.018755 0.999802
1755487248.860045 14.803466 -0.664037 0.261313 0.000366 0.006935 0.021952 0.999735
1755487248.941509 14.873004 -0.665505 0.272796 -0.000537 0.009619 0.031059 0.999471
1755487248.961624 14.890891 -0.665950 0.275488 -0.000396 0.011123 0.033501 0.999377
1755487249.041538 14.961916 -0.668104 0.278433 0.001704 0.015586 0.040770 0.999046
1755487249.061774 14.979504 -0.668241 0.277587 0.002051 0.016666 0.041641 0.998992
1755487249.142852 15.048976 -0.665117 0.268565 0.001879 0.019059 0.038413 0.999078
1755487249.161059 15.058812 -0.664027 0.267382 0.001573 0.019384 0.037401 0.999111
1755487249.240425 15.126358 -0.653185 0.258494 -0.000781 0.019466 0.029542 0.999374
1755487249.260410 15.142996 -0.649798 0.256796 -0.001377 0.019003 0.027913 0.999429
1755487249.340649 15.205592 -0.636960 0.252656 -0.001438 0.013213 0.022747 0.999653
1755487249.360071 15.220293 -0.634713 0.253544 -0.000930 0.011773 0.023634 0.999651
1755487249.441007 15.279789 -0.629750 0.262051 0.005718 0.006144 0.023889 0.999679
1755487249.460118 15.293459 -0.628615 0.264269 0.006920 0.005777 0.022223 0.999712
1755487249.541586 15.350723 -0.625183 0.270892 0.009301 0.004001 0.010441 0.999894
1755487249.560391 15.364405 -0.625344 0.272669 0.010181 0.004457 0.008386 0.999903
1755487249.641265 15.424884 -0.629763 0.277181 0.015068 0.008008 -0.003341 0.999849
1755487249.660071 15.439060 -0.630873 0.277480 0.015887 0.009159 -0.005812 0.999815
1755487249.741542 15.498931 -0.635322 0.272693 0.018570 0.012845 -0.015449 0.999626
1755487249.761345 15.513432 -0.636277 0.271043 0.018761 0.013773 -0.017782 0.999571
1755487249.841794 15.572464 -0.643032 0.263699 0.020953 0.015817 -0.024741 0.999349
1755487249.860841 15.586432 -0.645442 0.262430 0.021808 0.016044 -0.024611 0.999330
1755487249.941035 15.642541 -0.656687 0.257068 0.025772 0.013801 -0.021734 0.999336
1755487249.961692 15.656279 -0.659251 0.256343 0.026183 0.012756 -0.020997 0.999355
1755487250.041422 15.705757 -0.667725 0.255344 0.026543 0.004541 -0.021072 0.999415
1755487250.060727 15.717376 -0.668855 0.256451 0.025850 0.002554 -0.021816 0.999424
1755487250.141592 15.765849 -0.669676 0.266454 0.021611 -0.007568 -0.019050 0.999556
1755487250.161367 15.769009 -0.669423 0.268602 0.021076 -0.007468 -0.019096 0.999568
1755487250.241971 15.822503 -0.662671 0.280281 0.012015 -0.011048 -0.018365 0.999698
1755487250.261342 15.835943 -0.660596 0.282559 0.009876 -0.010470 -0.017874 0.999737
1755487250.341010 15.895941 -0.652871 0.290333 0.002868 -0.008213 -0.017425 0.999810
1755487250.360504 15.900796 -0.652343 0.291528 0.002413 -0.007578 -0.017421 0.999817
1755487250.441363 15.968474 -0.648862 0.294172 -0.000965 -0.001607 -0.014409 0.999894
1755487250.460581 15.984902 -0.648744 0.293923 -0.001436 -0.000000 -0.013648 0.999906
1755487250.540860 16.056331 -0.648429 0.288948 -0.002217 0.005843 -0.012301 0.999905
1755487250.560195 16.073972 -0.648352 0.287462 -0.002438 0.007423 -0.012503 0.999891
1755487250.640834 16.149623 -0.647520 0.279927 -0.002728 0.013009 -0.013241 0.999824
1755487250.661013 16.168620 -0.646977 0.277923 -0.002918 0.014134 -0.013534 0.999804
1755487250.741754 16.243962 -0.643457 0.270333 -0.003061 0.015582 -0.015370 0.999756
1755487250.762501 16.263236 -0.642103 0.269736 -0.003316 0.015342 -0.015459 0.999757
1755487250.840812 16.333912 -0.638960 0.273207 -0.002028 0.013301 -0.011998 0.999837
1755487250.860958 16.351408 -0.638203 0.275124 -0.001635 0.012764 -0.013116 0.999831
1755487250.941557 16.419120 -0.635413 0.281570 -0.002063 0.012824 -0.019587 0.999724
1755487250.960476 16.434318 -0.634925 0.282574 -0.002601 0.013130 -0.021907 0.999670
1755487251.041301 16.500162 -0.638862 0.286774 -0.002127 0.015422 -0.030059 0.999427
1755487251.060816 16.516369 -0.640842 0.287921 -0.001604 0.016868 -0.031559 0.999358
1755487251.141218 16.583411 -0.651450 0.288699 0.001323 0.021249 -0.034408 0.999181
1755487251.160822 16.599984 -0.654249 0.288019 0.001620 0.022634 -0.034811 0.999136
1755487251.242109 16.670034 -0.668203 0.280923 0.003930 0.027790 -0.035599 0.998972
1755487251.261348 16.686954 -0.672280 0.278874 0.004414 0.029288 -0.035188 0.998942
1755487251.342105 16.758458 -0.693277 0.269026 0.009201 0.032789 -0.029748 0.998977
1755487251.360532 16.774429 -0.698718 0.267553 0.009962 0.033456 -0.027970 0.998999
1755487251.442100 16.840379 -0.722073 0.264268 0.013487 0.031275 -0.023614 0.999141
1755487251.461678 16.855160 -0.726966 0.265471 0.013476 0.030485 -0.024572 0.999142
1755487251.541431 16.912410 -0.742117 0.277862 0.011801 0.024438 -0.023608 0.999353
1755487251.561123 16.916496 -0.742776 0.279923 0.011341 0.024594 -0.023765 0.999351
1755487251.642262 16.971180 -0.748643 0.293801 0.005765 0.020051 -0.019418 0.999594
1755487251.661280 16.984154 -0.749100 0.297097 0.004293 0.020356 -0.018616 0.999610
1755487251.742819 17.042657 -0.750827 0.308132 -0.000034 0.020633 -0.015566 0.999666
1755487251.761666 17.045928 -0.750957 0.309129 -0.000204 0.020860 -0.015334 0.999665
1755487251.841808 17.107180 -0.754315 0.312313 -0.000901 0.022748 -0.008823 0.999702
1755487251.861036 17.122115 -0.754871 0.311679 -0.001284 0.023174 -0.008370 0.999696
1755487251.943107 17.185914 -0.753038 0.304957 -0.002951 0.023597 -0.006948 0.999693
1755487251.961955 17.188932 -0.752773 0.304778 -0.003099 0.023618 -0.006891 0.999693
1755487252.041877 17.252884 -0.745103 0.299836 -0.005438 0.022216 -0.005668 0.999722
1755487252.060818 17.268081 -0.743089 0.299129 -0.005689 0.021208 -0.005252 0.999745
1755487252.141862 17.328184 -0.734079 0.295597 -0.004554 0.012743 -0.003151 0.999903
1755487252.161295 17.342193 -0.732327 0.295617 -0.003886 0.009937 -0.001771 0.999942
1755487252.241749 17.401115 -0.727132 0.302311 0.000452 0.001097 0.006478 0.999978
1755487252.261514 17.415719 -0.726424 0.305082 0.001699 0.000519 0.004908 0.999986
1755487252.341671 17.477089 -0.722284 0.310470 0.003426 -0.001838 -0.003087 0.999988
1755487252.360872 17.492624 -0.721426 0.311492 0.003462 -0.001180 -0.005984 0.999975
1755487252.441504 17.562284 -0.719879 0.315588 0.004969 0.003238 -0.014840 0.999872
1755487252.461459 17.580304 -0.720147 0.316840 0.005328 0.005111 -0.016628 0.999834
1755487252.543165 17.654603 -0.720862 0.314645 0.006918 0.011838 -0.019029 0.999725
1755487252.561978 17.671419 -0.721628 0.312912 0.006889 0.013384 -0.019640 0.999694
1755487252.643072 17.744538 -0.727611 0.300951 0.008396 0.019168 -0.022394 0.999530
1755487252.660868 17.760308 -0.729822 0.298790 0.008679 0.020557 -0.022992 0.999487
1755487252.743233 17.833687 -0.742897 0.289621 0.013042 0.022830 -0.019946 0.999455
1755487252.761532 17.836146 -0.743707 0.289755 0.013176 0.022917 -0.019775 0.999455
1755487252.844001 17.906288 -0.760498 0.284790 0.017587 0.019191 -0.016158 0.999531
1755487252.863328 17.911381 -0.761729 0.284977 0.017680 0.018656 -0.016200 0.999538
1755487252.942147 17.976589 -0.777529 0.289091 0.019424 0.010585 -0.019532 0.999564
1755487252.961326 17.980922 -0.778391 0.290568 0.019326 0.010311 -0.019578 0.999568
1755487253.041670 18.048675 -0.788087 0.299659 0.017799 0.005728 -0.019812 0.999629
1755487253.060578 18.064726 -0.789773 0.301402 0.016838 0.005925 -0.018737 0.999665
1755487253.141954 18.136164 -0.793482 0.308300 0.014286 0.007329 -0.018645 0.999697
1755487253.161074 18.140935 -0.793534 0.310766 0.013971 0.008096 -0.018807 0.999693
1755487253.242354 18.215427 -0.795040 0.316141 0.011323 0.012628 -0.021373 0.999628
1755487253.261578 18.233374 -0.795721 0.316579 0.010175 0.014279 -0.022209 0.999600
1755487253.341809 18.306605 -0.796158 0.309892 0.008449 0.016073 -0.026940 0.999472
1755487253.360987 18.324076 -0.796269 0.307965 0.007399 0.017135 -0.028510 0.999419
1755487253.441679 18.398452 -0.793512 0.297848 0.005554 0.017671 -0.034900 0.999219
1755487253.460542 18.415822 -0.792877 0.296714 0.004734 0.018246 -0.036755 0.999147
1755487253.541191 18.486251 -0.787154 0.293196 0.004073 0.012845 -0.041756 0.999037
1755487253.560692 18.502150 -0.786247 0.294347 0.003758 0.010750 -0.041655 0.999067
1755487253.642885 18.566409 -0.783913 0.304935 0.006381 0.000445 -0.037746 0.999267
1755487253.662467 18.581330 -0.784037 0.309105 0.006892 -0.000812 -0.039481 0.999196
1755487253.742347 18.642425 -0.786720 0.318950 0.008710 -0.005527 -0.048244 0.998782
1755487253.761423 18.657765 -0.788647 0.321704 0.009347 -0.005240 -0.051133 0.998634
1755487253.841356 18.725762 -0.800782 0.328588 0.013824 -0.002573 -0.059588 0.998124
1755487253.861193 18.743283 -0.804619 0.330037 0.014956 -0.001150 -0.061490 0.997995
1755487253.942401 18.816939 -0.820033 0.326339 0.018466 0.004627 -0.068894 0.997442
1755487253.961902 18.834655 -0.823896 0.324849 0.019015 0.006220 -0.070614 0.997303
1755487254.041744 18.907965 -0.842343 0.313914 0.021659 0.011839 -0.075822 0.996816
1755487254.060809 18.925084 -0.847704 0.311912 0.022660 0.012788 -0.075823 0.996782
1755487254.141497 18.997306 -0.872886 0.302756 0.027741 0.014151 -0.072001 0.996918
1755487254.161377 19.002241 -0.874912 0.302727 0.027989 0.014116 -0.071521 0.996946
1755487254.242435 19.069432 -0.900393 0.299719 0.032056 0.008138 -0.062925 0.997470
1755487254.261504 19.084926 -0.905371 0.301459 0.031973 0.006985 -0.063977 0.997415
1755487254.342000 19.150427 -0.922239 0.312924 0.028414 0.000449 -0.064594 0.997507
1755487254.361037 19.154450 -0.923487 0.314867 0.028113 0.000461 -0.064054 0.997550
1755487254.442858 19.224354 -0.936270 0.326005 0.023444 -0.000911 -0.057315 0.998080
1755487254.461713 19.241402 -0.939147 0.329119 0.023008 0.000529 -0.055672 0.998184
1755487254.542984 19.319929 -0.952561 0.338814 0.020711 0.007260 -0.052430 0.998383
1755487254.561500 19.323653 -0.953437 0.340075 0.020658 0.007761 -0.052150 0.998395
1755487254.642501 19.404329 -0.966053 0.341053 0.018844 0.015993 -0.050916 0.998397
1755487254.661385 19.422923 -0.968412 0.340452 0.018064 0.017449 -0.051910 0.998336
1755487254.742253 19.502299 -0.975615 0.332115 0.014071 0.021681 -0.057437 0.998014
1755487254.761482 19.507182 -0.976016 0.331746 0.013825 0.021852 -0.057714 0.997998
1755487254.841667 19.585556 -0.979434 0.322396 0.009088 0.022749 -0.063034 0.997711
1755487254.860794 19.603794 -0.980039 0.321086 0.007994 0.022093 -0.063834 0.997684
1755487254.941658 19.677229 -0.979881 0.317734 0.003841 0.015022 -0.066022 0.997698
1755487254.960853 19.694308 -0.980804 0.319791 0.003378 0.013240 -0.064441 0.997828
1755487255.042807 19.765659 -0.986202 0.330866 0.004772 0.007778 -0.064180 0.997897
1755487255.061307 19.781363 -0.987791 0.333591 0.004706 0.007289 -0.065941 0.997786
1755487255.142688 19.850505 -0.996807 0.341113 0.004882 0.006109 -0.073409 0.997271
1755487255.162403 19.860994 -0.999124 0.343073 0.005396 0.006667 -0.073804 0.997236
1755487255.242695 19.932192 -1.017155 0.348131 0.010917 0.010081 -0.076309 0.996973
1755487255.260914 19.948378 -1.021395 0.348794 0.011915 0.011222 -0.075866 0.996984
1755487255.342207 20.021922 -1.039427 0.343922 0.014703 0.014965 -0.077906 0.996740
1755487255.361197 20.039179 -1.043894 0.342720 0.015163 0.016118 -0.077670 0.996733
1755487255.442322 20.112978 -1.064805 0.333054 0.018204 0.018143 -0.075655 0.996803
1755487255.461075 20.129896 -1.070120 0.331739 0.018888 0.018464 -0.073970 0.996911
1755487255.542108 20.201186 -1.093891 0.325594 0.021841 0.016131 -0.067256 0.997366
1755487255.561414 20.205363 -1.095534 0.326139 0.021886 0.015934 -0.066578 0.997414
1755487255.643548 20.276055 -1.118832 0.330316 0.023221 0.007802 -0.061272 0.997820
1755487255.662314 20.292184 -1.123515 0.333720 0.022928 0.006135 -0.058704 0.997993
1755487255.743012 20.363216 -1.137370 0.348090 0.018578 0.004135 -0.056844 0.998202
1755487255.761828 20.379652 -1.139509 0.350884 0.017539 0.004286 -0.054884 0.998330
1755487255.843300 20.453732 -1.148119 0.358812 0.012544 0.006717 -0.051797 0.998556
1755487255.861676 20.461064 -1.148765 0.361130 0.012168 0.007837 -0.051859 0.998550
1755487255.942526 20.538326 -1.159339 0.366134 0.009091 0.014909 -0.051954 0.998497
1755487255.961946 20.543151 -1.159887 0.367691 0.008951 0.015653 -0.051918 0.998489
1755487256.042942 20.619495 -1.172006 0.364264 0.007360 0.020906 -0.053143 0.998341
1755487256.062566 20.637749 -1.174433 0.363207 0.006784 0.022146 -0.053801 0.998283
1755487256.142769 20.710773 -1.182728 0.355896 0.004201 0.023513 -0.058530 0.998000
1755487256.161744 20.728221 -1.184079 0.354929 0.003411 0.024039 -0.059685 0.997922
1755487256.242195 20.801818 -1.188972 0.349657 0.000754 0.021818 -0.063347 0.997753
1755487256.261842 20.819420 -1.189743 0.349368 -0.000161 0.020542 -0.064183 0.997727
1755487256.343259 20.891028 -1.194781 0.354177 -0.001617 0.013334 -0.062129 0.997978
1755487256.365093 20.891296 -1.195570 0.354498 -0.001691 0.013352 -0.061899 0.997992
1755487256.442736 20.957568 -1.203986 0.364535 -0.000239 0.006952 -0.066784 0.997743
1755487256.461757 20.973821 -1.205775 0.367041 -0.000523 0.006908 -0.069680 0.997545
1755487256.543429 21.045352 -1.219652 0.376079 0.000690 0.007336 -0.079288 0.996825
1755487256.563045 21.063341 -1.224198 0.379108 0.001426 0.008711 -0.081175 0.996661
1755487256.643003 21.138126 -1.244755 0.384947 0.005151 0.012732 -0.085063 0.996281
1755487256.661500 21.155525 -1.249574 0.385245 0.005620 0.014026 -0.085068 0.996261
1755487256.741636 21.230138 -1.272230 0.376838 0.008353 0.017139 -0.085028 0.996196
1755487256.761228 21.235657 -1.274338 0.376598 0.008578 0.017524 -0.084675 0.996218
1755487256.842679 21.312956 -1.304196 0.364834 0.013373 0.019261 -0.078050 0.996674
1755487256.861875 21.331222 -1.311422 0.363207 0.014169 0.019462 -0.076386 0.996788
1755487256.942719 21.405147 -1.342132 0.359500 0.016717 0.014843 -0.067502 0.997469
1755487256.962176 21.409177 -1.343734 0.360181 0.016806 0.014651 -0.067043 0.997501
1755487257.042465 21.484099 -1.372787 0.370979 0.017795 0.008028 -0.060428 0.997982
1755487257.064132 21.505163 -1.379141 0.375940 0.017416 0.008874 -0.057093 0.998178
1755487257.142899 21.580076 -1.398240 0.387084 0.014197 0.008666 -0.054065 0.998399
1755487257.164775 21.584523 -1.399727 0.389233 0.014211 0.009222 -0.053496 0.998424
1755487257.242273 21.664253 -1.416664 0.399968 0.011816 0.015103 -0.050968 0.998516
1755487257.261482 21.684079 -1.421034 0.402474 0.011602 0.017174 -0.049776 0.998545
1755487257.342733 21.764667 -1.438560 0.403625 0.011410 0.021437 -0.047176 0.998591
1755487257.361935 21.769478 -1.439446 0.404222 0.011419 0.021887 -0.047151 0.998583
1755487257.443332 21.850906 -1.454189 0.396405 0.009533 0.025551 -0.048564 0.998448
1755487257.462884 21.858829 -1.455231 0.396119 0.009266 0.025927 -0.048709 0.998433
1755487257.543144 21.940265 -1.463633 0.387477 0.005191 0.025820 -0.049590 0.998422
1755487257.561445 21.940947 -1.463099 0.387184 0.005111 0.025732 -0.049718 0.998419
1755487257.642733 22.023509 -1.465368 0.384151 -0.001507 0.018195 -0.053391 0.998407
1755487257.661999 22.042143 -1.465762 0.385681 -0.002831 0.015515 -0.053111 0.998464
1755487257.742688 22.117854 -1.468917 0.397218 -0.005467 0.006236 -0.054584 0.998475
1755487257.762462 22.136011 -1.470247 0.400036 -0.005667 0.004990 -0.056968 0.998347
1755487257.844835 22.212671 -1.479594 0.409866 -0.006341 0.001665 -0.064220 0.997914
1755487257.862461 22.218666 -1.480752 0.411873 -0.006026 0.002171 -0.064604 0.997890
1755487257.944125 22.300142 -1.499265 0.419953 0.000271 0.004936 -0.064694 0.997893
1755487257.962258 22.304033 -1.500032 0.421281 0.000528 0.005369 -0.064552 0.997900
1755487258.042889 22.386150 -1.519106 0.417951 0.005351 0.009518 -0.060296 0.998121
1755487258.063003 22.406723 -1.523808 0.415851 0.006030 0.010713 -0.059546 0.998150
1755487258.142771 22.489403 -1.544743 0.404689 0.009849 0.012984 -0.054773 0.998366
1755487258.162724 22.510175 -1.550859 0.402802 0.011079 0.013622 -0.051842 0.998501
1755487258.244070 22.593955 -1.575154 0.395279 0.016425 0.011778 -0.035871 0.999152
1755487258.262707 22.612735 -1.580493 0.395160 0.017255 0.010502 -0.031463 0.999301
1755487258.342655 22.691581 -1.599066 0.402173 0.018337 0.004444 -0.026282 0.999476
1755487258.361784 22.710735 -1.602267 0.406585 0.018002 0.003324 -0.025547 0.999506
1755487258.443594 22.789171 -1.611414 0.422192 0.014285 0.001451 -0.019562 0.999706
1755487258.461635 22.806725 -1.613330 0.424824 0.013769 0.001593 -0.017230 0.999755
1755487258.543190 22.887154 -1.620105 0.434504 0.011730 0.004825 -0.009507 0.999874
1755487258.562354 22.891474 -1.620452 0.435139 0.011676 0.005135 -0.009423 0.999874
1755487258.664439 22.997311 -1.629670 0.438587 0.010764 0.013213 -0.007423 0.999827
1755487258.743310 23.077427 -1.635400 0.430509 0.009790 0.017440 -0.008016 0.999768
1755487258.764009 23.099569 -1.636254 0.428498 0.009370 0.018879 -0.008710 0.999740
1755487258.843738 23.181929 -1.637193 0.417662 0.007629 0.020804 -0.009633 0.999708
1755487258.863009 23.189838 -1.636897 0.417564 0.007416 0.021022 -0.009748 0.999704
1755487258.943272 23.269573 -1.633724 0.408738 0.004874 0.016622 -0.010117 0.999799
1755487258.961984 23.273889 -1.633521 0.408845 0.004754 0.016209 -0.010080 0.999807
1755487259.043551 23.353893 -1.631210 0.415762 0.003698 0.007417 -0.006006 0.999948
1755487259.062323 23.361755 -1.630943 0.417969 0.003876 0.007356 -0.006460 0.999945
1755487259.143956 23.441086 -1.633062 0.428148 0.004093 0.004307 -0.013989 0.999884
1755487259.162279 23.459202 -1.634270 0.430805 0.004299 0.005243 -0.016607 0.999839
1755487259.245105 23.542002 -1.646055 0.438488 0.007707 0.008051 -0.020577 0.999726
1755487259.262466 23.548512 -1.647043 0.440331 0.007951 0.008799 -0.020668 0.999716
1755487259.343203 23.631655 -1.661606 0.439862 0.012127 0.014243 -0.018398 0.999656
1755487259.362428 23.651740 -1.664954 0.438993 0.012667 0.015991 -0.018075 0.999628
1755487259.443685 23.733904 -1.680741 0.431771 0.014260 0.019664 -0.014455 0.999600
1755487259.462768 23.753464 -1.684829 0.430756 0.014663 0.020839 -0.013125 0.999589
1755487259.542818 23.830449 -1.703147 0.424292 0.015746 0.021418 -0.005272 0.999633
1755487259.561735 23.834652 -1.704080 0.424361 0.015742 0.021465 -0.004782 0.999634
1755487259.643948 23.907017 -1.721301 0.421894 0.012046 0.013741 0.000424 0.999833
1755487259.662846 23.923182 -1.724259 0.423669 0.010799 0.012552 -0.001832 0.999861
1755487259.743638 23.988362 -1.735094 0.436498 0.004458 0.005848 -0.001731 0.999971
1755487259.762577 24.003494 -1.736646 0.439971 0.003192 0.005291 -0.001235 0.999980
1755487259.843756 24.066381 -1.742862 0.451380 -0.000924 0.002354 0.009710 0.999950
1755487259.863091 24.082084 -1.742501 0.453725 -0.001584 0.003161 0.010060 0.999943
1755487259.943655 24.148791 -1.746301 0.464550 -0.004863 0.006623 0.014217 0.999865
1755487259.962840 24.151077 -1.746171 0.465819 -0.004895 0.007061 0.014428 0.999859
1755487260.045130 24.223468 -1.752006 0.466431 -0.004938 0.013363 0.018747 0.999723
1755487260.064649 24.229090 -1.752294 0.466459 -0.004807 0.014063 0.018786 0.999713
1755487260.145472 24.304411 -1.756717 0.459340 -0.004090 0.020206 0.020392 0.999579
1755487260.164278 24.306171 -1.756550 0.459389 -0.004041 0.020405 0.020410 0.999575
1755487260.244604 24.383993 -1.753904 0.451174 -0.004550 0.024733 0.021658 0.999449
1755487260.264043 24.401953 -1.751877 0.449454 -0.005030 0.024667 0.022050 0.999440
1755487260.344990 24.474661 -1.739341 0.442340 -0.007420 0.020385 0.023080 0.999498
1755487260.365532 24.476954 -1.739023 0.441843 -0.007489 0.020113 0.023248 0.999499
1755487260.443856 24.548951 -1.724247 0.442511 -0.007183 0.011864 0.032041 0.999390
1755487260.463334 24.566541 -1.720875 0.443366 -0.006663 0.010930 0.031343 0.999427
1755487260.543427 24.641195 -1.706951 0.444019 -0.006548 0.008896 0.032217 0.999420
1755487260.563117 24.644987 -1.705785 0.445006 -0.006498 0.009107 0.032072 0.999423
1755487260.642999 24.727879 -1.696326 0.450812 -0.003428 0.013376 0.030403 0.999442
1755487260.662419 24.747729 -1.694331 0.452032 -0.002509 0.015079 0.030224 0.999426
1755487260.743576 24.831076 -1.687483 0.448172 0.000863 0.017980 0.035500 0.999208
1755487260.762989 24.834658 -1.686882 0.448517 0.001042 0.018235 0.035811 0.999192
1755487260.843400 24.919209 -1.683019 0.434137 0.005195 0.019647 0.042678 0.998882
1755487260.862928 24.939581 -1.682078 0.430621 0.006263 0.020158 0.044080 0.998805
1755487260.943949 25.027225 -1.680777 0.418317 0.010316 0.018622 0.052225 0.998408
1755487260.962519 25.030579 -1.680421 0.418496 0.010469 0.018590 0.052510 0.998392
1755487261.043250 25.123768 -1.675706 0.418904 0.013738 0.015289 0.053242 0.998370
1755487261.063853 25.147265 -1.672971 0.421811 0.013930 0.014839 0.057280 0.998151
1755487261.144197 25.238103 -1.657987 0.432006 0.010772 0.016622 0.059059 0.998058
1755487261.163783 25.241122 -1.657255 0.432661 0.010536 0.016654 0.059406 0.998039
1755487261.244600 25.333561 -1.636399 0.441945 0.006062 0.022476 0.062900 0.997748
1755487261.263454 25.341780 -1.634461 0.443387 0.005927 0.023409 0.063053 0.997718
1755487261.342984 25.435722 -1.617344 0.445897 0.005411 0.030100 0.067151 0.997274
1755487261.363111 25.440486 -1.616120 0.446584 0.005455 0.030576 0.067171 0.997258
1755487261.444597 25.539632 -1.597489 0.439152 0.005022 0.036055 0.065740 0.997173
1755487261.462858 25.548085 -1.595536 0.438484 0.004976 0.036536 0.065357 0.997180
1755487261.544727 25.646517 -1.570449 0.426778 0.002181 0.037590 0.061468 0.997399
1755487261.563406 25.650287 -1.569288 0.426356 0.002116 0.037566 0.061361 0.997406
1755487261.643852 25.746658 -1.543740 0.423404 0.003741 0.031654 0.069508 0.997072
1755487261.663284 25.747328 -1.543952 0.422883 0.003793 0.031625 0.069585 0.997067
1755487261.743939 25.844249 -1.520357 0.432962 0.006293 0.024559 0.064952 0.997566
1755487261.762948 25.865647 -1.514683 0.435212 0.005860 0.024144 0.061933 0.997771
1755487261.843671 25.957215 -1.497518 0.443946 0.004030 0.022252 0.046797 0.998648
1755487261.862972 25.965329 -1.496043 0.445577 0.004042 0.022764 0.045550 0.998694
1755487261.943094 26.059534 -1.488399 0.448855 0.004002 0.026201 0.030521 0.999183
1755487261.964511 26.064912 -1.487794 0.449616 0.004034 0.026677 0.029909 0.999188
1755487262.043261 26.160107 -1.488594 0.443095 0.005519 0.031513 0.021495 0.999257
1755487262.063040 26.182122 -1.489119 0.440678 0.006041 0.032773 0.020640 0.999231
1755487262.144453 26.276743 -1.500085 0.429922 0.008078 0.033313 0.016995 0.999268
1755487262.163213 26.279469 -1.500541 0.429872 0.008151 0.033353 0.016966 0.999266
1755487262.244061 26.366627 -1.516126 0.425198 0.010612 0.024416 0.023938 0.999359
1755487262.263070 26.386282 -1.518860 0.427103 0.011092 0.022782 0.024441 0.999380
1755487262.343920 26.466265 -1.531414 0.438287 0.010767 0.017923 0.025863 0.999447
1755487262.362410 26.469274 -1.531756 0.439585 0.010834 0.017844 0.026210 0.999438
1755487262.443337 26.549199 -1.538748 0.450656 0.010848 0.015777 0.037923 0.999097
1755487262.462275 26.568174 -1.539105 0.454158 0.010924 0.016875 0.039337 0.999024
1755487262.544032 26.650704 -1.543302 0.462624 0.011184 0.019620 0.043941 0.998779
1755487262.562917 26.669223 -1.543561 0.463255 0.011523 0.020851 0.045001 0.998703
1755487262.643726 26.747311 -1.544710 0.457387 0.011467 0.022668 0.044337 0.998694
1755487262.663478 26.758681 -1.542082 0.455833 0.011110 0.023543 0.042524 0.998756
1755487262.743605 26.834739 -1.534650 0.444387 0.006933 0.023164 0.035793 0.999067
1755487262.762549 26.852440 -1.531510 0.442254 0.005908 0.023356 0.034333 0.999120
1755487262.843637 26.926792 -1.518019 0.434146 0.001739 0.017858 0.029422 0.999406
1755487262.862918 26.933133 -1.516017 0.434094 0.001395 0.017085 0.029142 0.999428
1755487262.946048 27.005864 -1.500350 0.439222 -0.001403 0.006377 0.031160 0.999493
1755487262.964282 27.006500 -1.499000 0.440779 -0.001416 0.006344 0.030854 0.999503
1755487263.044608 27.078196 -1.486928 0.450767 -0.003267 0.000805 0.018307 0.999827
1755487263.063323 27.084486 -1.485656 0.452719 -0.003287 0.001061 0.017315 0.999844
1755487263.144763 27.163379 -1.483654 0.463207 -0.000260 0.003119 0.009682 0.999948
1755487263.163073 27.181709 -1.484017 0.465096 0.001026 0.004752 0.008119 0.999955
1755487263.243951 27.261813 -1.488173 0.465032 0.005179 0.008385 0.007135 0.999926
1755487263.263342 27.281231 -1.488786 0.463666 0.005885 0.009883 0.006191 0.999915
1755487263.345718 27.364297 -1.496165 0.452148 0.008640 0.013406 0.004269 0.999864
1755487263.365278 27.366084 -1.496572 0.452812 0.008749 0.013579 0.004340 0.999860
1755487263.445117 27.451673 -1.507673 0.442397 0.012883 0.016108 0.004753 0.999776
1755487263.465209 27.459852 -1.508900 0.441933 0.013218 0.016228 0.005049 0.999768
1755487263.543285 27.545139 -1.520133 0.442354 0.016546 0.013342 0.005712 0.999758
1755487263.563752 27.552404 -1.521120 0.443131 0.016666 0.013231 0.005697 0.999757
1755487263.643698 27.640839 -1.525960 0.455607 0.015400 0.010602 0.006232 0.999806
1755487263.663908 27.663349 -1.525585 0.457739 0.014551 0.011189 0.004807 0.999820
1755487263.744689 27.749442 -1.521101 0.463473 0.008959 0.010898 0.006707 0.999878
1755487263.762962 27.753822 -1.520863 0.465552 0.008727 0.011305 0.006711 0.999875
1755487263.845420 27.842936 -1.515248 0.470734 0.004486 0.015359 0.005473 0.999857
1755487263.865937 27.850044 -1.514884 0.472241 0.004365 0.016079 0.005535 0.999846
1755487263.944705 27.934540 -1.508327 0.469100 0.001328 0.016806 0.004878 0.999846
1755487263.963568 27.938787 -1.507770 0.470515 0.001256 0.017027 0.004699 0.999843
1755487264.043994 28.026542 -1.496920 0.462684 -0.003218 0.014864 0.000324 0.999884
1755487264.063254 28.027896 -1.496712 0.463033 -0.003210 0.014896 0.000319 0.999884
1755487264.143916 28.115492 -1.483811 0.455479 -0.004419 0.005915 0.004161 0.999964
1755487264.163376 28.120487 -1.483121 0.455516 -0.004341 0.005473 0.004557 0.999965
1755487264.244432 28.209583 -1.470803 0.462534 -0.002387 -0.004055 0.015252 0.999873
1755487264.263408 28.218124 -1.469443 0.464101 -0.002197 -0.004309 0.014560 0.999882
1755487264.344055 28.306848 -1.458448 0.474186 -0.004184 -0.007709 0.002136 0.999959
1755487264.362873 28.310729 -1.457941 0.476273 -0.004269 -0.007432 0.001552 0.999962
1755487264.444266 28.407104 -1.455729 0.485335 -0.003553 -0.002034 -0.009874 0.999943
1755487264.463276 28.416861 -1.456033 0.486936 -0.003189 -0.000768 -0.010635 0.999938
1755487264.545350 28.515807 -1.463718 0.484609 0.000134 0.006158 -0.015148 0.999866
1755487264.563818 28.531607 -1.465416 0.483791 0.000704 0.007937 -0.015426 0.999849
1755487264.644409 28.629037 -1.481254 0.472116 0.004200 0.013992 -0.017104 0.999747
1755487264.662791 28.638391 -1.483177 0.471433 0.004622 0.014587 -0.016842 0.999741
1755487264.763945 28.757400 -1.505803 0.461368 0.009542 0.017447 -0.008145 0.999769
1755487264.844161 28.841158 -1.530254 0.460639 0.009405 0.012067 -0.009269 0.999840
1755487264.863142 28.859124 -1.534035 0.463925 0.008774 0.010901 -0.009471 0.999857
1755487264.943898 28.938283 -1.549890 0.475791 0.005724 0.008867 -0.008139 0.999911
1755487264.963517 28.940362 -1.550893 0.477770 0.005666 0.009055 -0.007570 0.999914
1755487265.043761 29.022545 -1.561006 0.488543 0.003072 0.011726 0.000839 0.999926
1755487265.063251 29.042145 -1.562773 0.491506 0.002664 0.013764 0.001270 0.999901
1755487265.144263 29.127375 -1.571336 0.494093 0.001590 0.019017 0.003345 0.999812
1755487265.164822 29.129999 -1.571222 0.495469 0.001577 0.019529 0.003330 0.999803
1755487265.244076 29.215413 -1.578060 0.488498 0.000682 0.024589 0.000968 0.999697
1755487265.263381 29.235913 -1.579206 0.486824 0.000329 0.025867 -0.000328 0.999665
1755487265.344779 29.321551 -1.580101 0.477909 -0.001597 0.026867 -0.005009 0.999625
1755487265.363803 29.340795 -1.579652 0.476417 -0.002093 0.026829 -0.006559 0.999616
1755487265.445064 29.418989 -1.575506 0.470222 -0.003515 0.020320 -0.010487 0.999732
1755487265.463919 29.425037 -1.574910 0.470588 -0.003611 0.019605 -0.010579 0.999745
1755487265.544433 29.498997 -1.571278 0.476034 -0.003174 0.011266 -0.009063 0.999890
1755487265.562811 29.511232 -1.570755 0.477889 -0.002787 0.011033 -0.011137 0.999873
1755487265.645284 29.585115 -1.572299 0.484646 -0.002616 0.008427 -0.019886 0.999763
1755487265.663651 29.601483 -1.574080 0.487328 -0.001804 0.009431 -0.021206 0.999729
1755487265.744783 29.675807 -1.585802 0.495454 0.002797 0.011795 -0.025001 0.999614
1755487265.764797 29.693643 -1.588977 0.497194 0.004123 0.013558 -0.024757 0.999593
1755487265.844542 29.767702 -1.601110 0.494448 0.007219 0.016048 -0.022034 0.999602
1755487265.863801 29.785466 -1.604311 0.493232 0.007931 0.017361 -0.020811 0.999601
1755487265.944982 29.863686 -1.620800 0.483092 0.011664 0.020658 -0.014166 0.999618
1755487265.964361 29.863537 -1.621611 0.485644 0.011694 0.020861 -0.014015 0.999616
1755487266.044233 29.944852 -1.641546 0.474834 0.015970 0.024770 -0.001844 0.999564
1755487266.063515 29.965015 -1.646213 0.473106 0.016215 0.025311 0.000251 0.999548
1755487266.145096 30.046563 -1.663038 0.471694 0.013950 0.023983 -0.001720 0.999614
1755487266.163331 30.048035 -1.662929 0.471859 0.013941 0.023997 -0.001768 0.999613
1755487266.244390 30.127411 -1.677496 0.481953 0.008635 0.019622 -0.001287 0.999769
1755487266.263209 30.145731 -1.680689 0.484470 0.007910 0.019808 -0.001071 0.999772
1755487266.344517 30.221940 -1.693564 0.495052 0.005387 0.018792 0.000145 0.999809
1755487266.363576 30.225144 -1.694255 0.497455 0.005306 0.019140 0.000175 0.999803
1755487266.443943 30.305405 -1.706341 0.508223 0.004617 0.023001 0.002957 0.999720
1755487266.463187 30.324608 -1.709156 0.509860 0.004645 0.024666 0.003343 0.999679
1755487266.544255 30.405691 -1.718914 0.509090 0.003855 0.027430 0.002100 0.999614
1755487266.563860 30.425098 -1.720831 0.508014 0.003460 0.028849 0.001153 0.999577
1755487266.644637 30.506567 -1.726057 0.499304 0.001434 0.030885 -0.003497 0.999516
1755487266.664383 30.525784 -1.726833 0.497709 0.000934 0.032035 -0.004307 0.999477
1755487266.744327 30.604877 -1.728414 0.490824 -0.000586 0.030184 -0.003940 0.999536
1755487266.763184 30.606949 -1.728211 0.491815 -0.000621 0.030169 -0.003918 0.999537
1755487266.845229 30.685804 -1.727789 0.494399 -0.002254 0.021012 0.000458 0.999777
1755487266.866245 30.691981 -1.727501 0.496373 -0.002169 0.020802 0.000518 0.999781
1755487266.946324 30.767702 -1.728780 0.506531 -0.001901 0.014438 -0.001044 0.999893
1755487266.964732 30.769039 -1.728650 0.508635 -0.001912 0.014544 -0.001198 0.999892
1755487267.044712 30.845473 -1.734346 0.516396 -0.001073 0.014560 -0.006898 0.999870
1755487267.064237 30.853288 -1.735340 0.518035 -0.000677 0.015366 -0.007088 0.999857
1755487267.146909 30.937218 -1.747303 0.522356 0.002576 0.019461 -0.006955 0.999783
1755487267.165442 30.938663 -1.747975 0.523727 0.002621 0.019635 -0.006866 0.999780
1755487267.244408 31.020975 -1.761709 0.520729 0.005132 0.023939 -0.004625 0.999690
1755487267.263513 31.030423 -1.763817 0.520449 0.005396 0.024473 -0.003777 0.999679
1755487267.344372 31.117373 -1.782586 0.514413 0.007436 0.026439 0.002214 0.999620
1755487267.364048 31.139567 -1.787480 0.513184 0.007846 0.026681 0.004512 0.999603
1755487267.444534 31.221763 -1.807659 0.508771 0.007483 0.022505 0.012441 0.999641
1755487267.466170 31.229045 -1.809184 0.508879 0.007259 0.021933 0.012825 0.999651
1755487267.547147 31.307096 -1.824806 0.514511 0.002770 0.012998 0.014525 0.999806
1755487267.564356 31.308589 -1.825449 0.516015 0.002704 0.012984 0.014799 0.999803
1755487267.646115 31.385082 -1.834467 0.525334 -0.005075 0.006634 0.019104 0.999783
1755487267.664381 31.390103 -1.835263 0.527667 -0.005251 0.006950 0.019766 0.999767
1755487267.745540 31.470734 -1.842687 0.538640 -0.008011 0.008443 0.027321 0.999559
1755487267.764796 31.489325 -1.844440 0.541504 -0.008150 0.009937 0.029005 0.999497
1755487267.846067 31.571019 -1.850992 0.543279 -0.008088 0.012936 0.035517 0.999253
1755487267.864383 31.588047 -1.852288 0.543455 -0.007892 0.014293 0.035662 0.999231
1755487267.945791 31.669691 -1.856544 0.535730 -0.007588 0.016509 0.036055 0.999185
1755487267.964505 31.686194 -1.857047 0.534631 -0.007374 0.017579 0.035332 0.999194
1755487268.044410 31.765466 -1.856386 0.524923 -0.008000 0.017600 0.030883 0.999336
1755487268.064241 31.782327 -1.855447 0.523910 -0.007995 0.017795 0.029289 0.999381
1755487268.145538 31.855586 -1.850233 0.515337 -0.008534 0.011520 0.023507 0.999621
1755487268.164237 31.868379 -1.848851 0.515443 -0.008331 0.009235 0.022269 0.999675
1755487268.245323 31.935404 -1.846844 0.520683 -0.005127 0.001664 0.027252 0.999614
1755487268.265076 31.948874 -1.846628 0.524022 -0.003845 0.000914 0.024793 0.999685
1755487268.344387 32.012673 -1.846972 0.530031 -0.001750 -0.001972 0.015134 0.999882
1755487268.363891 32.012269 -1.846573 0.532132 -0.001780 -0.001831 0.015065 0.999883
1755487268.444689 32.085604 -1.851807 0.539278 0.004734 0.002896 0.009387 0.999941
1755487268.464232 32.103713 -1.853426 0.540873 0.006389 0.005303 0.009892 0.999917
1755487268.545151 32.180155 -1.858284 0.538945 0.009982 0.011734 0.008987 0.999841
1755487268.564069 32.182012 -1.858617 0.541094 0.009957 0.011898 0.009002 0.999839
1755487268.645760 32.263612 -1.862072 0.534137 0.012060 0.020491 0.010963 0.999657
1755487268.664554 32.271457 -1.862672 0.533925 0.012285 0.021301 0.011413 0.999632
1755487268.746180 32.355213 -1.864408 0.525753 0.012488 0.027014 0.016934 0.999414
1755487268.765044 32.358406 -1.865200 0.526544 0.012540 0.027117 0.017037 0.999408
1755487268.846155 32.440624 -1.866219 0.521023 0.011036 0.025395 0.025591 0.999289
1755487268.865003 32.461523 -1.866914 0.520615 0.010970 0.024106 0.028250 0.999250
1755487268.945025 32.538849 -1.867801 0.527938 0.010048 0.016970 0.032591 0.999274
1755487268.964468 32.543863 -1.868008 0.529400 0.009983 0.016964 0.032958 0.999263
1755487269.044793 32.622647 -1.862952 0.539350 0.006259 0.013384 0.043439 0.998947
1755487269.064018 32.642408 -1.861406 0.541501 0.005562 0.013871 0.045584 0.998849
1755487269.145191 32.724043 -1.853500 0.548900 0.001918 0.016078 0.050039 0.998616
1755487269.164929 32.726997 -1.852871 0.550378 0.001799 0.016408 0.050122 0.998607
1755487269.244852 32.808945 -1.845137 0.552314 -0.001461 0.020794 0.050645 0.998499
1755487269.264307 32.816571 -1.844242 0.552570 -0.001606 0.021325 0.050246 0.998508
1755487269.345845 32.899389 -1.836578 0.547238 -0.004508 0.023649 0.045423 0.998678
1755487269.365512 32.901980 -1.836052 0.547234 -0.004544 0.023740 0.045222 0.998685
1755487269.445671 32.983949 -1.826358 0.539358 -0.006718 0.023977 0.039350 0.998915
1755487269.466054 32.991384 -1.825175 0.538437 -0.006736 0.023800 0.038980 0.998934
1755487269.544856 33.069916 -1.812585 0.532738 -0.007833 0.017602 0.035923 0.999169
1755487269.565561 33.072874 -1.811897 0.532337 -0.007800 0.017180 0.035856 0.999179
1755487269.645083 33.149331 -1.799216 0.538074 -0.007445 0.006149 0.037282 0.999258
1755487269.664953 33.155840 -1.797863 0.539830 -0.007043 0.005938 0.036714 0.999283
1755487269.745786 33.232648 -1.789389 0.545548 -0.005545 -0.000106 0.028945 0.999566
1755487269.765424 33.233871 -1.789080 0.547900 -0.005514 0.000097 0.028656 0.999574
1755487269.845230 33.314897 -1.785247 0.552394 -0.003635 0.002273 0.019142 0.999808
1755487269.865136 33.321135 -1.785109 0.554068 -0.003378 0.003145 0.018797 0.999813
1755487269.944923 33.406832 -1.783979 0.552512 -0.001047 0.008459 0.016793 0.999823
1755487269.964236 33.410097 -1.784224 0.554008 -0.000955 0.009015 0.016878 0.999816
1755487270.045887 33.501461 -1.787114 0.545222 0.001070 0.015748 0.019283 0.999689
1755487270.064605 33.522396 -1.788273 0.543468 0.001881 0.017449 0.021205 0.999621
1755487270.146094 33.615345 -1.796988 0.531518 0.004623 0.022167 0.025087 0.999429
1755487270.164815 33.617800 -1.797539 0.531474 0.004685 0.022285 0.025225 0.999422
1755487270.264986 33.733311 -1.807380 0.526370 0.007626 0.023184 0.035506 0.999071
1755487270.344671 33.821103 -1.818455 0.531977 0.008043 0.020670 0.035802 0.999113
1755487270.363998 33.839850 -1.819310 0.535980 0.007618 0.019934 0.037148 0.999082
1755487270.445645 33.924942 -1.823500 0.544225 0.005369 0.019880 0.041055 0.998945
1755487270.464438 33.929903 -1.823615 0.545934 0.005323 0.020232 0.042126 0.998893
1755487270.545328 34.017956 -1.824378 0.551462 0.003813 0.025220 0.047480 0.998546
1755487270.564284 34.037671 -1.824167 0.553322 0.003646 0.027401 0.048504 0.998440
1755487270.645944 34.127763 -1.823344 0.552411 0.003252 0.033672 0.050996 0.998126
1755487270.664280 34.145781 -1.822822 0.551955 0.003066 0.035446 0.051052 0.998062
1755487270.745553 34.230949 -1.819261 0.542092 0.001847 0.038289 0.047319 0.998144
1755487270.764209 34.248263 -1.817764 0.540031 0.001484 0.039252 0.045993 0.998169
1755487270.846132 34.330386 -1.808955 0.528858 -0.000774 0.037964 0.039602 0.998494
1755487270.864685 34.346612 -1.806422 0.527764 -0.001205 0.037606 0.038469 0.998551
1755487270.945659 34.422574 -1.795496 0.525296 -0.001896 0.029142 0.037091 0.998885
1755487270.965229 34.421538 -1.795634 0.524367 -0.001936 0.029058 0.037134 0.998886
1755487271.045420 34.498637 -1.786987 0.533747 0.000763 0.021296 0.038445 0.999033
1755487271.064367 34.505015 -1.786431 0.536082 0.000719 0.021590 0.037667 0.999057
1755487271.145544 34.586126 -1.782403 0.544288 0.000768 0.019516 0.022775 0.999550
1755487271.165746 34.590124 -1.782721 0.547552 0.000831 0.020017 0.022405 0.999548
1755487271.246089 34.678646 -1.786738 0.552266 0.004714 0.024208 0.012893 0.999613
1755487271.264240 34.681083 -1.787018 0.554956 0.004706 0.024426 0.012889 0.999607
1755487271.345556 34.774846 -1.796062 0.551710 0.008330 0.029816 0.006936 0.999497
1755487271.364663 34.781656 -1.797365 0.552575 0.008486 0.030269 0.006930 0.999482
1755487271.445636 34.875825 -1.812907 0.543778 0.012150 0.032447 0.002900 0.999395
1755487271.465038 34.900192 -1.816978 0.541436 0.012487 0.032256 0.003719 0.999395
1755487271.546258 34.988632 -1.833712 0.534879 0.012814 0.025828 0.005594 0.999569
1755487271.565703 35.010802 -1.836650 0.535617 0.011452 0.024154 0.003004 0.999638
1755487271.646308 35.095284 -1.848038 0.544809 0.007519 0.018423 -0.001672 0.999801
1755487271.665155 35.114946 -1.850297 0.547372 0.006969 0.017931 -0.000854 0.999815
1755487271.745853 35.195997 -1.856899 0.554435 0.004663 0.013964 0.004107 0.999883
1755487271.764601 35.215003 -1.857353 0.557758 0.003722 0.014468 0.004563 0.999878
1755487271.846250 35.297746 -1.858519 0.570158 0.000631 0.014931 0.005396 0.999874
1755487271.864690 35.303072 -1.858751 0.571671 0.000389 0.015199 0.005621 0.999869
1755487271.945556 35.385381 -1.859043 0.572347 -0.001444 0.015612 0.003680 0.999870
1755487271.964840 35.404572 -1.859203 0.571594 -0.001984 0.016291 0.002501 0.999862
1755487272.046096 35.490043 -1.857735 0.560959 -0.003794 0.016596 -0.007964 0.999823
1755487272.065258 35.496084 -1.857580 0.560799 -0.003991 0.016759 -0.008640 0.999814
1755487272.145110 35.581411 -1.851810 0.550022 -0.005604 0.013505 -0.015579 0.999772
1755487272.164279 35.601038 -1.849884 0.549253 -0.005900 0.012021 -0.016019 0.999782
1755487272.245447 35.686318 -1.839815 0.555547 -0.005295 0.005214 -0.011566 0.999905
1755487272.264859 35.705982 -1.837749 0.559739 -0.005043 0.004592 -0.014017 0.999878
1755487272.345625 35.789542 -1.829881 0.569101 -0.005230 0.003061 -0.024808 0.999674
1755487272.365141 35.791753 -1.829828 0.571189 -0.005222 0.003351 -0.025172 0.999664
1755487272.445422 35.880250 -1.829928 0.576940 -0.001478 0.008436 -0.031941 0.999453
1755487272.464805 35.888121 -1.830398 0.578238 -0.001071 0.009444 -0.032215 0.999436
1755487272.546272 35.982440 -1.835049 0.575075 0.004334 0.017098 -0.030923 0.999366
1755487272.565288 36.004876 -1.836390 0.573513 0.005042 0.019333 -0.029625 0.999361
1755487272.645756 36.100218 -1.843036 0.561241 0.009343 0.024931 -0.025778 0.999313
1755487272.664569 36.122400 -1.844976 0.558430 0.010082 0.026075 -0.024150 0.999317
1755487272.745826 36.217203 -1.853276 0.545313 0.013517 0.027171 -0.018613 0.999366
1755487272.764407 36.238383 -1.855064 0.543282 0.013919 0.027152 -0.016039 0.999406
1755487272.845588 36.329083 -1.860587 0.542266 0.015979 0.020981 -0.009959 0.999603
1755487272.865285 36.350648 -1.860651 0.545840 0.015144 0.020439 -0.010908 0.999617
1755487272.945254 36.436380 -1.856150 0.557260 0.010748 0.018297 -0.010450 0.999720
1755487272.964971 36.455826 -1.854228 0.559814 0.009108 0.017765 -0.009456 0.999756
1755487273.046238 36.539232 -1.846711 0.568925 0.004705 0.017979 -0.005095 0.999814
1755487273.065106 36.558155 -1.845293 0.571958 0.003741 0.019300 -0.005064 0.999794
1755487273.145808 36.641274 -1.839772 0.578407 0.001441 0.022288 -0.003724 0.999744
1755487273.165006 36.659867 -1.838792 0.579196 0.000851 0.023686 -0.002857 0.999715
1755487273.245553 36.740870 -1.833716 0.573916 -0.000623 0.024679 -0.003914 0.999688
1755487273.264900 36.759631 -1.832600 0.572192 -0.001173 0.025472 -0.004681 0.999664
1755487273.345910 36.841365 -1.825383 0.560039 -0.002653 0.023993 -0.008926 0.999669
1755487273.365175 36.859935 -1.823640 0.557885 -0.003109 0.024046 -0.009523 0.999661
1755487273.446290 36.939626 -1.813825 0.549722 -0.003652 0.016311 -0.011861 0.999790
1755487273.464760 36.944724 -1.813496 0.550971 -0.003652 0.015948 -0.011364 0.999802
1755487273.546877 37.027251 -1.804453 0.559449 -0.002411 0.008493 -0.009106 0.999920
1755487273.565187 37.045272 -1.803136 0.561860 -0.002150 0.008410 -0.011078 0.999901
1755487273.665823 37.147251 -1.799838 0.571639 -0.002414 0.011019 -0.024881 0.999627
1755487273.746000 37.236778 -1.804769 0.579621 0.001000 0.016332 -0.031478 0.999370
1755487273.765611 37.257830 -1.806760 0.580525 0.001680 0.019088 -0.031918 0.999307
1755487273.845887 37.347019 -1.814834 0.575668 0.004096 0.024958 -0.032627 0.999148
1755487273.865301 37.353936 -1.815957 0.576720 0.004231 0.026123 -0.032486 0.999122
1755487273.947822 37.447890 -1.829373 0.565713 0.008003 0.031908 -0.030927 0.998980
1755487273.967188 37.449526 -1.830263 0.566972 0.008049 0.032094 -0.030784 0.998978
1755487274.048361 37.537594 -1.847984 0.556760 0.012897 0.031795 -0.023997 0.999123
1755487274.068708 37.543008 -1.849696 0.556322 0.013104 0.031521 -0.023079 0.999151
1755487274.146785 37.622780 -1.865629 0.557366 0.015193 0.021612 -0.020097 0.999449
1755487274.164976 37.641329 -1.868772 0.559561 0.015011 0.020013 -0.017308 0.999537
1755487274.246340 37.720414 -1.878633 0.570482 0.013280 0.013546 -0.012003 0.999748
1755487274.266414 37.739327 -1.880305 0.573534 0.012506 0.012734 -0.008587 0.999804
1755487274.346709 37.815763 -1.884767 0.587222 0.010982 0.010538 -0.001752 0.999883
1755487274.365321 37.818190 -1.885135 0.589915 0.010921 0.010855 -0.001503 0.999880
1755487274.445963 37.897358 -1.886980 0.597830 0.008670 0.011263 0.001047 0.999898
1755487274.464700 37.915278 -1.887379 0.598669 0.007781 0.012197 0.000368 0.999895
1755487274.547164 37.995539 -1.886530 0.595347 0.005268 0.012483 -0.005872 0.999891
1755487274.566582 37.996447 -1.886296 0.596961 0.005146 0.012691 -0.006069 0.999888
1755487274.647296 38.077454 -1.882211 0.588933 0.002221 0.012176 -0.014041 0.999825
1755487274.665894 38.082731 -1.881763 0.589227 0.002043 0.012341 -0.014538 0.999816
1755487274.746545 38.164038 -1.875339 0.581682 0.001468 0.007034 -0.019556 0.999783
1755487274.765325 38.166816 -1.875130 0.581876 0.001403 0.006781 -0.019622 0.999783
1755487274.847069 38.250670 -1.867896 0.584780 0.002790 -0.001064 -0.017705 0.999839
1755487274.866134 38.256373 -1.867215 0.586233 0.002934 -0.000964 -0.018357 0.999827
1755487274.947601 38.342047 -1.862852 0.592401 0.004026 -0.001846 -0.031016 0.999509
1755487274.964885 38.360109 -1.862732 0.594198 0.003912 -0.000428 -0.033687 0.999425
1755487275.048215 38.449259 -1.864060 0.600747 0.005461 0.004462 -0.044943 0.998965
1755487275.065423 38.453344 -1.864558 0.602190 0.005566 0.005149 -0.045384 0.998941
1755487275.148824 38.543095 -1.868283 0.600976 0.006184 0.011524 -0.052623 0.998529
1755487275.165527 38.543211 -1.868597 0.602117 0.006210 0.011690 -0.052596 0.998528
1755487275.246879 38.630416 -1.876019 0.593791 0.007408 0.016173 -0.053955 0.998385
1755487275.267408 38.637552 -1.877082 0.593511 0.007647 0.016576 -0.053686 0.998391
1755487275.365521 38.739879 -1.893430 0.585919 0.011155 0.016431 -0.051546 0.998473
1755487275.446031 38.818044 -1.910901 0.581608 0.014754 0.009419 -0.046422 0.998769
1755487275.465506 38.835929 -1.914763 0.583793 0.015303 0.007701 -0.045280 0.998827
1755487275.546648 38.910290 -1.927681 0.596958 0.017013 0.000676 -0.036722 0.999180
1755487275.565640 38.908907 -1.929338 0.596813 0.017004 0.000685 -0.036440 0.999191
1755487275.646321 38.986882 -1.935036 0.608601 0.015094 -0.003050 -0.025645 0.999553
1755487275.666147 38.993074 -1.935323 0.610645 0.014943 -0.002385 -0.025151 0.999569
1755487275.747263 39.076460 -1.938789 0.620348 0.012270 0.000922 -0.021075 0.999702
1755487275.765901 39.076459 -1.939384 0.621702 0.012303 0.001071 -0.020993 0.999703
1755487275.846819 39.161746 -1.942924 0.621265 0.011562 0.003966 -0.018378 0.999756
1755487275.866156 39.168786 -1.943143 0.621103 0.011243 0.004333 -0.018731 0.999752
1755487275.946624 39.257666 -1.943940 0.613781 0.009029 0.006796 -0.025215 0.999618
1755487275.965761 39.278861 -1.944048 0.612199 0.008054 0.007175 -0.026663 0.999586
1755487276.046845 39.367152 -1.941155 0.602007 0.007030 0.006286 -0.031741 0.999452
1755487276.067704 39.372742 -1.941109 0.601370 0.006828 0.006003 -0.032093 0.999444
1755487276.146766 39.456999 -1.938336 0.597476 0.007772 -0.000096 -0.032492 0.999442
1755487276.165743 39.476927 -1.938224 0.598613 0.007957 -0.000967 -0.032141 0.999451
1755487276.246702 39.560581 -1.937252 0.601445 0.008761 -0.001799 -0.042922 0.999038
1755487276.266068 39.580135 -1.938076 0.603112 0.008739 -0.000816 -0.045777 0.998913
1755487276.347115 39.665680 -1.946836 0.611104 0.012426 0.003577 -0.055054 0.998400
1755487276.366663 39.686256 -1.950309 0.613787 0.013543 0.005749 -0.056505 0.998294
1755487276.447140 39.767871 -1.963896 0.616827 0.018089 0.011065 -0.061227 0.997899
1755487276.467181 39.767233 -1.964003 0.619255 0.018209 0.011306 -0.061171 0.997897
1755487276.547249 39.846533 -1.978205 0.612328 0.021247 0.016071 -0.063881 0.997602
1755487276.565646 39.864236 -1.981793 0.610430 0.021665 0.017115 -0.063464 0.997602
1755487276.646851 39.941731 -1.998932 0.598955 0.024154 0.017748 -0.064652 0.997458
1755487276.664975 39.958646 -2.003347 0.597284 0.024501 0.018006 -0.064566 0.997450
1755487276.747444 40.036486 -2.023939 0.591403 0.027897 0.013713 -0.056460 0.997921
1755487276.765779 40.037718 -2.024989 0.591831 0.027980 0.013583 -0.055937 0.997950
1755487276.846281 40.113805 -2.041612 0.599865 0.029602 0.007408 -0.044899 0.998525
1755487276.865458 40.131323 -2.044343 0.603078 0.028931 0.007484 -0.042659 0.998643
1755487276.946502 40.203925 -2.049592 0.610704 0.024386 0.003716 -0.034308 0.999107
1755487276.965859 40.221282 -2.050638 0.613043 0.023505 0.004493 -0.030779 0.999240
1755487277.047054 40.299543 -2.052924 0.623153 0.020708 0.008008 -0.024238 0.999460
1755487277.066016 40.304900 -2.053173 0.624983 0.020545 0.008887 -0.023818 0.999466
1755487277.146358 40.387689 -2.053492 0.627635 0.017076 0.014193 -0.020362 0.999546
1755487277.165474 40.400821 -2.053706 0.627557 0.016437 0.015768 -0.020786 0.999524
1755487277.247004 40.482584 -2.051921 0.620223 0.012552 0.018811 -0.024948 0.999433
1755487277.265910 40.489422 -2.051994 0.620098 0.012228 0.019422 -0.025148 0.999420
1755487277.347131 40.571429 -2.047680 0.610709 0.008732 0.019538 -0.028063 0.999377
1755487277.365757 40.589975 -2.046309 0.609459 0.007464 0.019347 -0.028563 0.999377
1755487277.446737 40.670062 -2.036918 0.608506 0.004043 0.011883 -0.028836 0.999505
1755487277.468259 40.676071 -2.036458 0.609830 0.003757 0.011701 -0.028397 0.999521
1755487277.547571 40.758033 -2.030070 0.622420 0.002277 0.007412 -0.031750 0.999466
1755487277.565829 40.760393 -2.030027 0.624429 0.002298 0.007645 -0.031923 0.999458
1755487277.646782 40.846721 -2.027986 0.633560 0.000783 0.009248 -0.039757 0.999166
1755487277.666455 40.853465 -2.028094 0.635287 0.000846 0.010096 -0.040289 0.999137
1755487277.746782 40.945258 -2.034161 0.640434 0.002655 0.016585 -0.047037 0.998752
1755487277.765609 40.966551 -2.036135 0.640384 0.002782 0.018816 -0.047461 0.998692
1755487277.847715 41.059437 -2.047929 0.633531 0.004853 0.024360 -0.049266 0.998477
1755487277.866394 41.065903 -2.049643 0.633307 0.005055 0.025027 -0.048889 0.998478
1755487277.947129 41.156897 -2.068219 0.620379 0.009726 0.028390 -0.046447 0.998470
1755487277.966587 41.158825 -2.069507 0.620307 0.009784 0.028472 -0.046248 0.998476
1755487278.047060 41.248497 -2.092505 0.609753 0.013852 0.024935 -0.043722 0.998636
1755487278.065469 41.267862 -2.097942 0.608817 0.014422 0.023382 -0.041126 0.998776
1755487278.146583 41.352940 -2.120870 0.612954 0.016324 0.015220 -0.038442 0.999012
1755487278.165470 41.372780 -2.125313 0.616805 0.016460 0.014346 -0.035351 0.999136
1755487278.247099 41.456823 -2.139801 0.630180 0.015621 0.013529 -0.029124 0.999362
1755487278.266235 41.462361 -2.141108 0.631068 0.015278 0.013540 -0.028030 0.999399
1755487278.347956 41.548032 -2.146947 0.641768 0.010304 0.014951 -0.023250 0.999565
1755487278.366376 41.567399 -2.148160 0.644349 0.009432 0.016479 -0.023338 0.999547
1755487278.446672 41.651448 -2.152151 0.649217 0.005655 0.019428 -0.026177 0.999453
1755487278.466517 41.672035 -2.153578 0.649163 0.004878 0.021023 -0.027139 0.999399
1755487278.546287 41.753957 -2.155856 0.642462 0.001175 0.023037 -0.034945 0.999123
1755487278.565863 41.774365 -2.156363 0.640351 0.000114 0.024451 -0.037427 0.999000
1755487278.647525 41.860004 -2.155641 0.630594 -0.002862 0.025747 -0.044547 0.998671
1755487278.666465 41.879944 -2.155759 0.629321 -0.003518 0.026188 -0.045210 0.998628
1755487278.747528 41.960715 -2.152089 0.627519 -0.005518 0.019732 -0.045814 0.998740
1755487278.766151 41.976245 -2.151756 0.629667 -0.005981 0.019206 -0.044835 0.998792
1755487278.847097 42.056431 -2.151787 0.641677 -0.004173 0.016737 -0.047210 0.998736
1755487278.866592 42.062647 -2.151862 0.643002 -0.004187 0.016973 -0.047666 0.998710
1755487278.947748 42.146271 -2.157349 0.651519 -0.002582 0.019306 -0.055052 0.998294
1755487278.967072 42.166203 -2.159778 0.654174 -0.001742 0.021128 -0.054728 0.998276
1755487279.047403 42.251289 -2.170697 0.659970 0.002363 0.027383 -0.056286 0.998036
1755487279.066373 42.270915 -2.173334 0.660062 0.002821 0.029312 -0.055585 0.998020
1755487279.147901 42.356171 -2.184675 0.652020 0.005089 0.035183 -0.054905 0.997859
1755487279.167026 42.375942 -2.187914 0.649444 0.005433 0.037007 -0.054224 0.997828
1755487279.248184 42.460294 -2.203458 0.636985 0.009180 0.040450 -0.048248 0.997974
1755487279.267043 42.479286 -2.207483 0.634501 0.009823 0.041079 -0.046372 0.998031
1755487279.347819 42.557118 -2.224556 0.625001 0.013776 0.037880 -0.036420 0.998523
1755487279.367171 42.574184 -2.228443 0.624183 0.014267 0.035893 -0.033282 0.998699
1755487279.446705 42.644620 -2.241051 0.628623 0.014583 0.027365 -0.032229 0.998999
1755487279.467791 42.663022 -2.243425 0.631641 0.014150 0.026551 -0.029118 0.999123
1755487279.547241 42.734098 -2.248183 0.641130 0.012595 0.023445 -0.021701 0.999410
1755487279.566419 42.751594 -2.248645 0.644418 0.012026 0.024189 -0.020007 0.999435
1755487279.647643 42.829232 -2.248807 0.655866 0.009974 0.028152 -0.018326 0.999386
1755487279.666705 42.847319 -2.248898 0.657968 0.009518 0.029996 -0.018277 0.999338
1755487279.748595 42.925060 -2.248716 0.658666 0.008018 0.034480 -0.020220 0.999169
1755487279.768208 42.943095 -2.248575 0.657614 0.007418 0.036071 -0.021473 0.999091
1755487279.848113 43.016226 -2.245906 0.649566 0.005204 0.038073 -0.029526 0.998825
1755487279.867023 43.032920 -2.244841 0.647808 0.004463 0.038928 -0.031319 0.998741
1755487279.948257 43.103865 -2.237311 0.640252 0.002008 0.036941 -0.038526 0.998573
1755487279.968129 43.119908 -2.235258 0.638869 0.001609 0.036329 -0.039705 0.998550
1755487280.048502 43.181280 -2.225563 0.634485 0.001067 0.024875 -0.041145 0.998843
1755487280.067857 43.195286 -2.223754 0.635546 0.001321 0.022901 -0.038854 0.998982
1755487280.149302 43.255178 -2.217857 0.643727 0.005013 0.013616 -0.033534 0.999332
1755487280.169108 43.269592 -2.216812 0.645633 0.005499 0.012673 -0.034564 0.999307
1755487280.247617 43.329865 -2.214686 0.652011 0.006850 0.009652 -0.039891 0.999134
1755487280.267231 43.345356 -2.215113 0.654713 0.007466 0.010408 -0.040695 0.999090
1755487280.347899 43.412067 -2.217975 0.662717 0.009990 0.012424 -0.046667 0.998783
1755487280.367327 43.427879 -2.218628 0.663726 0.010137 0.013768 -0.047325 0.998733
1755487280.447590 43.494909 -2.220046 0.660656 0.009596 0.015759 -0.050774 0.998540
1755487280.466590 43.510553 -2.221030 0.659154 0.009573 0.016779 -0.050952 0.998514
1755487280.547658 43.580906 -2.228150 0.650149 0.011289 0.017949 -0.048837 0.998582
1755487280.566839 43.597414 -2.231011 0.648354 0.011961 0.018724 -0.048047 0.998598
1755487280.648122 43.667999 -2.244524 0.640355 0.015529 0.016956 -0.043339 0.998796
1755487280.667755 43.684064 -2.248265 0.638933 0.016326 0.016440 -0.041535 0.998868
1755487280.748590 43.747988 -2.262310 0.635251 0.019041 0.006875 -0.033604 0.999230
1755487280.767255 43.762381 -2.265086 0.636232 0.019380 0.004811 -0.033554 0.999237
1755487280.848654 43.827240 -2.271218 0.650537 0.017573 -0.004657 -0.029388 0.999403
1755487280.869053 43.843737 -2.270942 0.654935 0.016013 -0.005062 -0.029990 0.999409
1755487280.948919 43.909361 -2.265804 0.666972 0.009789 -0.009224 -0.027536 0.999530
1755487280.967980 43.925872 -2.264443 0.670304 0.008328 -0.008277 -0.027611 0.999550
1755487281.049128 43.999770 -2.260764 0.680809 0.003291 -0.005984 -0.030070 0.999524
1755487281.069630 44.018755 -2.260699 0.682665 0.002678 -0.004345 -0.030095 0.999534
1755487281.148581 44.092762 -2.261024 0.681954 0.000997 -0.001048 -0.032008 0.999487
1755487281.169396 44.112046 -2.261366 0.680748 0.000508 0.000449 -0.033322 0.999444
1755487281.249026 44.188239 -2.263147 0.671322 -0.000460 0.002469 -0.038443 0.999258
1755487281.267076 44.205482 -2.263714 0.669388 -0.000416 0.003484 -0.038916 0.999236
1755487281.348397 44.284341 -2.264328 0.660230 0.000214 0.003657 -0.042240 0.999101
1755487281.367849 44.302524 -2.264080 0.658696 0.000271 0.003671 -0.043050 0.999066
1755487281.449672 44.378573 -2.261662 0.659134 0.000838 -0.002352 -0.041749 0.999125
1755487281.467768 44.395089 -2.261511 0.661654 0.001350 -0.002461 -0.040489 0.999176
1755487281.549112 44.469456 -2.262160 0.671512 0.004033 -0.004287 -0.044582 0.998988
1755487281.567877 44.486258 -2.262336 0.673162 0.004081 -0.003571 -0.046555 0.998901
1755487281.647913 44.560895 -2.267728 0.678270 0.006343 -0.000624 -0.053359 0.998555
1755487281.667200 44.579086 -2.270177 0.679939 0.007525 0.001398 -0.054247 0.998498
1755487281.748007 44.657351 -2.281526 0.680929 0.012017 0.007276 -0.057878 0.998225
1755487281.767302 44.675832 -2.284051 0.680175 0.012712 0.009248 -0.057590 0.998217
1755487281.848083 44.753390 -2.293533 0.671993 0.014597 0.014063 -0.056818 0.998179
1755487281.867694 44.771834 -2.296139 0.669802 0.015095 0.015692 -0.055773 0.998206
1755487281.948943 44.850028 -2.306845 0.659463 0.016968 0.018450 -0.049829 0.998443
1755487281.968069 44.868211 -2.309445 0.657452 0.017117 0.019375 -0.048554 0.998486
1755487282.049606 44.945849 -2.319762 0.650983 0.017100 0.018076 -0.043991 0.998722
1755487282.067195 44.961897 -2.322002 0.650509 0.016988 0.017356 -0.042322 0.998809
1755487282.147984 45.034657 -2.329557 0.655542 0.015013 0.010488 -0.041901 0.998954
1755487282.166848 45.051142 -2.330671 0.658757 0.014278 0.009087 -0.041367 0.999001
1755487282.267500 45.138586 -2.331850 0.672570 0.008301 0.004781 -0.034228 0.999368
1755487282.347636 45.211157 -2.331105 0.681042 0.005290 0.005415 -0.028620 0.999562
1755487282.366685 45.228918 -2.331297 0.683394 0.004812 0.006818 -0.027887 0.999576
1755487282.449023 45.306767 -2.332104 0.688052 0.003130 0.010097 -0.025995 0.999606
1755487282.468269 45.325012 -2.332527 0.688044 0.002835 0.011585 -0.026443 0.999579
1755487282.548948 45.402647 -2.334257 0.683388 0.001501 0.014206 -0.030291 0.999439
1755487282.568143 45.421230 -2.334588 0.681744 0.001242 0.015378 -0.031987 0.999369
1755487282.648665 45.500042 -2.334952 0.671994 0.000443 0.016399 -0.038600 0.999120
1755487282.668422 45.518998 -2.334835 0.669658 0.000355 0.017007 -0.040004 0.999055
1755487282.749084 45.594314 -2.333222 0.661534 0.000464 0.011682 -0.044365 0.998947
1755487282.768087 45.594281 -2.334364 0.662652 0.000587 0.011824 -0.044119 0.998956
1755487282.848848 45.670115 -2.333409 0.666982 0.003922 0.006149 -0.041407 0.999116
1755487282.867255 45.675508 -2.333243 0.668257 0.004292 0.006495 -0.041905 0.999091
1755487282.948507 45.753161 -2.334228 0.675044 0.004293 0.005433 -0.051934 0.998627
1755487282.967257 45.770825 -2.335338 0.677222 0.004852 0.006786 -0.053462 0.998535
1755487283.048301 45.849525 -2.343501 0.686728 0.007376 0.010103 -0.059847 0.998129
1755487283.067296 45.855251 -2.344197 0.687968 0.007653 0.010908 -0.060217 0.998096
1755487283.149317 45.936247 -2.353593 0.689423 0.008786 0.015492 -0.064842 0.997737
1755487283.168073 45.954344 -2.356074 0.688611 0.009022 0.016991 -0.065360 0.997676
1755487283.248686 46.032729 -2.368339 0.682026 0.010985 0.019855 -0.063110 0.997749
1755487283.268078 46.051026 -2.371763 0.680169 0.011494 0.020790 -0.062245 0.997778
1755487283.348438 46.123580 -2.384777 0.672253 0.011925 0.019744 -0.059644 0.997953
1755487283.369792 46.141652 -2.388120 0.671001 0.011426 0.018848 -0.058230 0.998060
1755487283.449315 46.204731 -2.398159 0.672426 0.009488 0.012260 -0.054432 0.998397
1755487283.468533 46.219218 -2.400552 0.674738 0.008808 0.010807 -0.051706 0.998565
1755487283.548664 46.277037 -2.405783 0.687109 0.005996 0.005482 -0.044672 0.998969
1755487283.567309 46.277341 -2.405885 0.688151 0.006036 0.005594 -0.044533 0.998974
1755487283.648375 46.338588 -2.405540 0.701310 0.001113 0.003687 -0.035978 0.999345
1755487283.667217 46.353350 -2.405697 0.704404 0.000506 0.004552 -0.034095 0.999408
1755487283.747405 46.417739 -2.405893 0.711492 -0.001216 0.006727 -0.027162 0.999608
1755487283.766073 46.433170 -2.406242 0.712106 -0.001407 0.007939 -0.026206 0.999624
1755487283.847159 46.501010 -2.405579 0.707938 -0.002877 0.010684 -0.024920 0.999628
1755487283.865905 46.517094 -2.405363 0.706577 -0.003260 0.011787 -0.025593 0.999598
1755487283.947550 46.585463 -2.402314 0.696894 -0.004511 0.012193 -0.027459 0.999538
1755487283.967043 46.601898 -2.401476 0.695101 -0.004657 0.012634 -0.028250 0.999510
1755487284.048188 46.667865 -2.396633 0.685335 -0.005175 0.009065 -0.032310 0.999423
1755487284.067296 46.683129 -2.395835 0.684289 -0.005184 0.008586 -0.032284 0.999428
1755487284.148607 46.746729 -2.394242 0.687022 -0.002359 0.005390 -0.031244 0.999494
1755487284.167772 46.762080 -2.394227 0.689281 -0.001635 0.006306 -0.034124 0.999396
1755487284.246033 46.823437 -2.395137 0.694420 -0.000982 0.008364 -0.045462 0.998931
1755487284.266999 46.840270 -2.396187 0.696697 -0.000553 0.010176 -0.047419 0.998823
1755487284.349802 46.908032 -2.403387 0.704653 0.000478 0.017195 -0.060570 0.998016
1755487284.368551 46.923500 -2.405414 0.706031 0.000752 0.019417 -0.062811 0.997836
1755487284.448278 46.988573 -2.414286 0.705637 0.001733 0.025793 -0.068108 0.997343
1755487284.467482 47.003874 -2.416989 0.704985 0.002138 0.027552 -0.068188 0.997290
1755487284.548774 47.067005 -2.429258 0.699307 0.003709 0.031101 -0.069583 0.997084
1755487284.567854 47.081586 -2.432479 0.697764 0.003936 0.031977 -0.069922 0.997032
1755487284.648283 47.142076 -2.447862 0.693055 0.005399 0.031325 -0.067937 0.997183
1755487284.667463 47.156606 -2.452309 0.693525 0.006183 0.031412 -0.066696 0.997260
1755487284.748043 47.218846 -2.469400 0.709413 0.007682 0.030211 -0.068345 0.997175
1755487284.768145 47.234611 -2.472635 0.718254 0.007069 0.030121 -0.069827 0.997079
1755487284.848152 47.298468 -2.483098 0.767306 0.004414 0.030906 -0.072910 0.996850
1755487284.868433 47.313829 -2.485421 0.780240 0.003732 0.032277 -0.071561 0.996907
1755487284.948648 47.371329 -2.494878 0.821883 0.005151 0.035535 -0.064507 0.997271
1755487284.968572 47.384586 -2.497229 0.831016 0.005718 0.036235 -0.062033 0.997400
1755487285.047632 47.437623 -2.505616 0.865303 0.008873 0.040063 -0.053933 0.997701
1755487285.068190 47.450608 -2.507344 0.873459 0.009971 0.041601 -0.050721 0.997796
1755487285.149265 47.501541 -2.510517 0.900010 0.012269 0.044368 -0.040792 0.998107
1755487285.169188 47.502387 -2.509575 0.900811 0.012306 0.044509 -0.041003 0.998091
1755487285.248160 47.551085 -2.507341 0.919136 0.011349 0.045180 -0.040886 0.998077
1755487285.266792 47.561840 -2.506387 0.922458 0.010909 0.045284 -0.041610 0.998048
1755487285.349782 47.609722 -2.500868 0.935790 0.009938 0.041231 -0.045513 0.998063
1755487285.368602 47.620473 -2.499845 0.939977 0.009673 0.040194 -0.044990 0.998132
1755487285.450373 47.671051 -2.498241 0.967499 0.015515 0.040895 -0.037029 0.998357
1755487285.469428 47.682635 -2.498329 0.975016 0.016909 0.041699 -0.038250 0.998255
1755487285.547682 47.726346 -2.496860 1.003462 0.018041 0.044574 -0.048202 0.997679
1755487285.567125 47.736270 -2.495955 1.010727 0.017343 0.045053 -0.050982 0.997532
1755487285.649139 47.775210 -2.493024 1.043964 0.013896 0.046307 -0.065956 0.996651
1755487285.668486 47.783694 -2.492914 1.052873 0.013205 0.046990 -0.069321 0.996400
1755487285.749871 47.817861 -2.493948 1.086194 0.010842 0.046941 -0.079462 0.995673
1755487285.768867 47.825379 -2.494621 1.092642 0.010234 0.047000 -0.080912 0.995560
1755487285.850208 47.859083 -2.499760 1.109762 0.008825 0.045537 -0.083468 0.995430
1755487285.867916 47.866378 -2.501402 1.111374 0.008588 0.045486 -0.083477 0.995434
1755487285.948695 47.903048 -2.510742 1.116476 0.007542 0.043011 -0.081412 0.995723
1755487285.967674 47.912502 -2.513340 1.119618 0.007325 0.043364 -0.080289 0.995801
1755487286.047124 47.954710 -2.521143 1.146841 0.003484 0.043720 -0.080732 0.995770
1755487286.066253 47.965298 -2.522371 1.156888 0.001673 0.044913 -0.082312 0.995593
1755487286.148492 48.007442 -2.528717 1.198305 -0.001292 0.047353 -0.073177 0.996193
1755487286.167751 48.016088 -2.531258 1.206575 -0.000747 0.048471 -0.070820 0.996310
1755487286.249421 48.051592 -2.543111 1.238219 0.002365 0.050536 -0.059587 0.996940
1755487286.268065 48.059331 -2.545449 1.245146 0.003003 0.051452 -0.057191 0.997032
1755487286.348412 48.093448 -2.553226 1.270726 0.004847 0.053018 -0.048407 0.997408
1755487286.368153 48.101736 -2.554617 1.275606 0.005110 0.053727 -0.046960 0.997438
1755487286.449967 48.137861 -2.560108 1.288302 0.005426 0.054321 -0.045007 0.997494
1755487286.470391 48.147042 -2.561420 1.289926 0.005337 0.054767 -0.044875 0.997476
1755487286.548241 48.185593 -2.566488 1.294220 0.005550 0.054999 -0.046490 0.997388
1755487286.567966 48.195650 -2.567681 1.296013 0.005823 0.055522 -0.046694 0.997348
1755487286.649236 48.237438 -2.571176 1.308784 0.007234 0.053346 -0.047489 0.997420
1755487286.668614 48.246868 -2.571962 1.314475 0.007745 0.052600 -0.046466 0.997504
1755487286.748021 48.285680 -2.576054 1.348278 0.013716 0.051482 -0.043191 0.997645
1755487286.768192 48.295235 -2.576702 1.358153 0.014424 0.051828 -0.046002 0.997492
1755487286.847461 48.330791 -2.576417 1.391988 0.014265 0.051320 -0.053858 0.997127
1755487286.867424 48.333845 -2.576089 1.394982 0.013966 0.051493 -0.054875 0.997067
1755487286.947145 48.371551 -2.576095 1.428306 0.011517 0.052123 -0.066380 0.996365
1755487286.967313 48.373474 -2.576209 1.430737 0.011527 0.052449 -0.066748 0.996324
1755487287.050003 48.413473 -2.579382 1.458626 0.010189 0.052226 -0.073105 0.995904
1755487287.069513 48.422299 -2.580415 1.462680 0.009835 0.052373 -0.072933 0.995912
1755487287.149865 48.461131 -2.585572 1.473541 0.008671 0.050547 -0.071620 0.996113
1755487287.169080 48.470665 -2.587007 1.475135 0.008071 0.050582 -0.071861 0.996099
1755487287.249338 48.512248 -2.593684 1.481703 0.005132 0.049071 -0.071647 0.996209
1755487287.269205 48.522774 -2.596107 1.485276 0.004265 0.048764 -0.071145 0.996264
1755487287.350175 48.567948 -2.605635 1.515733 0.001735 0.048223 -0.070186 0.996366
1755487287.368449 48.577744 -2.608069 1.525851 0.001178 0.048654 -0.068077 0.996492
1755487287.448848 48.615091 -2.616823 1.562754 0.001826 0.048337 -0.055958 0.997261
1755487287.469214 48.623101 -2.619346 1.571138 0.002249 0.047497 -0.052298 0.997499
1755487287.550801 48.655912 -2.630146 1.604094 0.006225 0.046445 -0.039623 0.998115
1755487287.569540 48.662197 -2.632685 1.610602 0.007223 0.046784 -0.036555 0.998210
1755487287.649664 48.695215 -2.643017 1.637010 0.013229 0.046914 -0.020947 0.998592
1755487287.668525 48.702519 -2.644859 1.641276 0.014080 0.047161 -0.018556 0.998616
1755487287.749631 48.735413 -2.650667 1.651354 0.016070 0.046502 -0.015305 0.998672
1755487287.768605 48.743253 -2.651651 1.652635 0.016292 0.046919 -0.015530 0.998645
1755487287.849825 48.780670 -2.654317 1.655070 0.017010 0.046999 -0.017590 0.998595
1755487287.868841 48.789671 -2.654480 1.656212 0.017281 0.047301 -0.017930 0.998570
1755487287.948927 48.830477 -2.653076 1.667829 0.018274 0.046156 -0.019076 0.998585
1755487287.968193 48.840859 -2.652820 1.673606 0.019044 0.047050 -0.018457 0.998540
1755487288.049296 48.886294 -2.652379 1.707103 0.022995 0.048987 -0.022233 0.998287
1755487288.068771 48.896763 -2.651829 1.716086 0.023617 0.050842 -0.025496 0.998102
1755487288.149356 48.936497 -2.646063 1.747689 0.020918 0.054080 -0.037576 0.997610
1755487288.167811 48.944752 -2.644291 1.754257 0.019436 0.054477 -0.040522 0.997503
1755487288.249636 48.982051 -2.641085 1.782061 0.015580 0.056471 -0.055563 0.996735
1755487288.268777 48.983950 -2.641127 1.784483 0.015545 0.057020 -0.056306 0.996663
1755487288.348402 49.023006 -2.642492 1.804290 0.013318 0.059624 -0.066593 0.995908
1755487288.367605 49.023950 -2.642740 1.805898 0.013337 0.059920 -0.066517 0.995895
1755487288.449643 49.065650 -2.646517 1.816258 0.011151 0.061501 -0.067254 0.995776
1755487288.468528 49.072399 -2.647427 1.817573 0.010495 0.061926 -0.067092 0.995768
1755487288.549989 49.114907 -2.654326 1.828597 0.008556 0.060233 -0.063134 0.996149
1755487288.568474 49.124536 -2.655923 1.833860 0.007802 0.060083 -0.062845 0.996183
1755487288.648409 49.166241 -2.661359 1.869287 0.004729 0.060945 -0.058957 0.996387
1755487288.666879 49.174775 -2.662421 1.878830 0.004107 0.061388 -0.054864 0.996596
1755487288.748602 49.206534 -2.666549 1.913669 0.003877 0.059680 -0.042184 0.997318
1755487288.767876 49.212725 -2.667713 1.921087 0.003768 0.058855 -0.038320 0.997524
1755487288.849469 49.237894 -2.671371 1.952689 0.004970 0.054763 -0.025188 0.998169
1755487288.868966 49.243826 -2.672340 1.960419 0.005238 0.054277 -0.021991 0.998270
1755487288.947543 49.266431 -2.674110 1.983410 0.006457 0.051304 -0.011191 0.998600
1755487288.967802 49.272081 -2.674173 1.988200 0.006258 0.050714 -0.009745 0.998646
1755487289.068622 49.302864 -2.673746 2.003074 0.005123 0.048003 -0.008270 0.998800
1755487289.149799 49.332186 -2.672789 2.006659 0.005292 0.047243 -0.009627 0.998823
1755487289.169016 49.339523 -2.672306 2.007332 0.005291 0.047733 -0.010360 0.998792
