# timestamp tx ty tz qx qy qz qw
1755487229.758132 0.000204 0.003723 -0.007398 0.001105 0.001011 -0.001481 0.999998
1755487229.837433 0.003429 -0.045607 -0.015024 0.000439 0.005491 -0.006974 0.999961
1755487229.856529 0.048487 -0.055570 -0.029125 -0.001358 0.009050 -0.010976 0.999898
1755487229.937488 0.117701 -0.055932 -0.020698 0.003290 0.012469 -0.005542 0.999901
1755487229.958148 0.136041 -0.055067 -0.020403 0.003718 0.014364 -0.005121 0.999877
1755487230.037412 0.264897 -0.075394 0.011506 0.007665 0.017556 0.002905 0.999812
1755487230.057938 0.277871 -0.063678 0.007775 0.009334 0.016321 0.004030 0.999815
1755487230.137794 0.349303 -0.083629 -0.002008 0.008955 0.017676 0.013167 0.999717
1755487230.157907 0.370278 -0.081297 -0.001247 0.009545 0.014899 0.016040 0.999715
1755487230.236716 0.436283 -0.097949 -0.001876 0.007097 0.012168 0.022953 0.999637
1755487230.257499 0.452095 -0.098972 -0.002111 0.006982 0.008397 0.027498 0.999562
1755487230.336318 0.508601 -0.107535 0.003538 0.002043 0.007428 0.032343 0.999447
1755487230.355522 0.521518 -0.106537 0.002759 0.001100 0.006133 0.034431 0.999388
1755487230.436752 0.577301 -0.104162 0.000116 -0.002733 0.004149 0.045755 0.998940
1755487230.456447 0.590958 -0.103133 0.000159 -0.003509 0.004795 0.048772 0.998792
1755487230.537218 0.644664 -0.102410 0.001230 -0.004970 0.007301 0.054345 0.998483
1755487230.556366 0.655113 -0.102971 -0.000694 -0.005287 0.008845 0.056334 0.998359
1755487230.636504 0.710802 -0.106387 -0.008273 -0.006206 0.010644 0.056495 0.998327
1755487230.656112 0.712700 -0.108706 -0.008050 -0.006465 0.010827 0.056603 0.998317
1755487230.734679 0.771163 -0.108398 -0.015951 -0.007305 0.013102 0.053495 0.998455
1755487230.754662 0.775291 -0.109763 -0.018416 -0.007734 0.013959 0.053333 0.998449
1755487230.835678 0.835607 -0.105436 -0.026960 -0.008934 0.013621 0.047275 0.998749
1755487230.855551 0.845995 -0.104612 -0.029997 -0.009277 0.013943 0.046701 0.998769
1755487230.937165 0.906313 -0.099524 -0.029862 -0.008190 0.007553 0.045077 0.998921
1755487230.956516 0.919098 -0.098987 -0.028359 -0.008187 0.006699 0.045581 0.998905
1755487231.036366 0.977104 -0.094354 -0.013992 -0.005788 0.000382 0.040098 0.999179
1755487231.056032 0.989276 -0.093716 -0.012231 -0.005765 -0.000067 0.037709 0.999272
1755487231.156368 1.057143 -0.087554 -0.006265 -0.006371 -0.002137 0.026179 0.999635
1755487231.238187 1.121940 -0.089976 -0.003943 -0.001369 -0.000228 0.018934 0.999820
1755487231.256700 1.131137 -0.091582 -0.003709 -0.000980 0.000928 0.019044 0.999818
1755487231.336900 1.196862 -0.091487 0.000530 0.001626 0.005336 0.017107 0.999838
1755487231.356097 1.208274 -0.091995 -0.001513 0.001806 0.006775 0.017572 0.999821
1755487231.437324 1.275906 -0.097785 -0.006826 0.004570 0.010227 0.020600 0.999725
1755487231.457976 1.292815 -0.100884 -0.008690 0.005260 0.011480 0.022781 0.999661
1755487231.536484 1.364245 -0.109569 -0.013446 0.008321 0.014842 0.026036 0.999516
1755487231.556293 1.378797 -0.110871 -0.015251 0.008955 0.015182 0.026833 0.999485
1755487231.637584 1.455348 -0.122433 -0.014764 0.011730 0.014359 0.032165 0.999311
1755487231.657896 1.472870 -0.124224 -0.013294 0.012234 0.013702 0.032930 0.999289
1755487231.735971 1.543006 -0.129117 -0.001297 0.010522 0.010315 0.033938 0.999315
1755487231.756079 1.557867 -0.128192 -0.000002 0.009688 0.009807 0.034726 0.999302
1755487231.837418 1.625949 -0.125570 0.011676 0.005318 0.009516 0.037859 0.999224
1755487231.856544 1.639937 -0.122280 0.010652 0.004358 0.009135 0.040107 0.999144
1755487231.936315 1.705756 -0.116499 0.016115 -0.000514 0.012644 0.041692 0.999050
1755487231.956177 1.722428 -0.110280 0.013328 -0.001369 0.013627 0.042132 0.999018
1755487232.037493 1.798207 -0.104752 0.013826 -0.004562 0.017644 0.042897 0.998913
1755487232.056939 1.814533 -0.099946 0.009615 -0.004638 0.018700 0.043717 0.998858
1755487232.136281 1.889699 -0.095544 0.004268 -0.006726 0.021725 0.041609 0.998875
1755487232.155981 1.903400 -0.091701 -0.000947 -0.007210 0.022391 0.041500 0.998862
1755487232.236877 1.973143 -0.081580 -0.009339 -0.010204 0.022509 0.036805 0.999017
1755487232.256368 1.988937 -0.078779 -0.011632 -0.011037 0.022538 0.036995 0.999000
1755487232.336576 2.052321 -0.066713 -0.013907 -0.013631 0.017480 0.034264 0.999167
1755487232.356401 2.064901 -0.065193 -0.011452 -0.014607 0.016255 0.035648 0.999125
1755487232.436979 2.125948 -0.058039 0.002626 -0.013416 0.009983 0.037519 0.999156
1755487232.456936 2.139389 -0.057310 0.006417 -0.013011 0.008795 0.036784 0.999200
1755487232.536942 2.192650 -0.053490 0.012155 -0.013211 0.004068 0.027564 0.999524
1755487232.556630 2.205091 -0.053808 0.012679 -0.013434 0.003618 0.025273 0.999584
1755487232.637280 2.261847 -0.055711 0.018957 -0.011963 0.004271 0.017197 0.999771
1755487232.656410 2.274759 -0.058379 0.020586 -0.011515 0.004955 0.015287 0.999805
1755487232.737890 2.337718 -0.064590 0.020101 -0.008883 0.008731 0.011297 0.999859
1755487232.757024 2.351486 -0.067497 0.019679 -0.008417 0.009773 0.011130 0.999855
1755487232.837533 2.418123 -0.081940 0.012258 -0.005132 0.013676 0.012188 0.999819
1755487232.857517 2.430860 -0.086277 0.010485 -0.004222 0.014447 0.013471 0.999796
1755487232.937284 2.497846 -0.104229 0.004423 -0.000868 0.015988 0.019145 0.999689
1755487232.956321 2.511676 -0.108975 0.003368 -0.000365 0.015868 0.020102 0.999672
1755487233.037731 2.574678 -0.127605 -0.000022 0.000917 0.013073 0.023645 0.999635
1755487233.056906 2.587312 -0.132389 0.000433 0.000932 0.012229 0.023172 0.999656
1755487233.137218 2.643884 -0.148458 0.009081 -0.000267 0.006183 0.023604 0.999702
1755487233.156666 2.655373 -0.152235 0.012810 -0.001161 0.005133 0.024083 0.999696
1755487233.235789 2.709183 -0.162958 0.022680 -0.003381 0.002193 0.020927 0.999773
1755487233.255970 2.720918 -0.165994 0.024950 -0.003891 0.001399 0.021923 0.999751
1755487233.338192 2.777282 -0.174325 0.032772 -0.004997 0.001311 0.022513 0.999733
1755487233.358382 2.792320 -0.176901 0.035186 -0.005337 0.001699 0.022895 0.999722
1755487233.437274 2.852194 -0.185834 0.037468 -0.005258 0.004040 0.018541 0.999806
1755487233.456749 2.867824 -0.187931 0.037861 -0.005325 0.004780 0.018141 0.999810
1755487233.539590 2.936699 -0.194919 0.032146 -0.004976 0.008980 0.010931 0.999888
1755487233.557840 2.952613 -0.196473 0.030828 -0.005054 0.009974 0.009279 0.999894
1755487233.637963 3.022195 -0.199318 0.020374 -0.005491 0.014006 -0.001202 0.999886
1755487233.656961 3.039016 -0.199672 0.018341 -0.005800 0.014697 -0.003009 0.999871
1755487233.736609 3.107063 -0.199305 0.012533 -0.006584 0.014346 -0.014448 0.999771
1755487233.755843 3.122852 -0.199825 0.013345 -0.006630 0.013575 -0.015014 0.999773
1755487233.837733 3.190131 -0.198619 0.020784 -0.005960 0.009818 -0.020597 0.999722
1755487233.856884 3.205601 -0.198839 0.024765 -0.005965 0.009339 -0.022540 0.999685
1755487233.937366 3.267937 -0.198289 0.031793 -0.005616 0.007652 -0.032386 0.999430
1755487233.956972 3.282826 -0.199743 0.034086 -0.005193 0.007927 -0.034269 0.999368
1755487234.037733 3.347058 -0.207562 0.039251 -0.002351 0.011451 -0.039824 0.999138
1755487234.057633 3.364049 -0.210153 0.040834 -0.001737 0.012581 -0.040780 0.999087
1755487234.137820 3.430978 -0.218863 0.037326 0.000409 0.018119 -0.043668 0.998882
1755487234.157830 3.448810 -0.221903 0.037114 0.000769 0.019402 -0.043926 0.998846
1755487234.238272 3.516752 -0.235889 0.028707 0.004213 0.024734 -0.043809 0.998725
1755487234.257073 3.534714 -0.240436 0.027545 0.005209 0.025380 -0.042731 0.998751
1755487234.337023 3.605120 -0.261365 0.016466 0.010011 0.027372 -0.041819 0.998700
1755487234.356085 3.622708 -0.266724 0.015785 0.010816 0.027197 -0.041578 0.998706
1755487234.436883 3.685610 -0.290583 0.008878 0.014680 0.023186 -0.039190 0.998855
1755487234.456721 3.699403 -0.296432 0.009830 0.015282 0.021706 -0.038799 0.998894
1755487234.538053 3.758071 -0.313590 0.018074 0.015111 0.014062 -0.039365 0.999012
1755487234.558256 3.771791 -0.316618 0.022805 0.014176 0.013050 -0.039509 0.999033
1755487234.637426 3.827634 -0.322803 0.032195 0.008868 0.009156 -0.040029 0.999117
1755487234.657217 3.840849 -0.323793 0.034279 0.007520 0.008516 -0.038790 0.999183
1755487234.738110 3.899515 -0.325533 0.041751 0.002369 0.009570 -0.039241 0.999181
1755487234.757679 3.912691 -0.326347 0.044670 0.001098 0.010646 -0.039105 0.999178
1755487234.837769 3.974189 -0.329484 0.050914 -0.001524 0.013781 -0.038077 0.999179
1755487234.857647 3.988636 -0.331111 0.051646 -0.002127 0.014476 -0.037590 0.999186
1755487234.936836 4.049995 -0.335475 0.047866 -0.003715 0.015920 -0.038992 0.999106
1755487234.957303 4.063469 -0.336655 0.047143 -0.004629 0.016128 -0.039427 0.999082
1755487235.038900 4.128337 -0.338071 0.039546 -0.006420 0.015500 -0.041032 0.999017
1755487235.058529 4.142304 -0.338738 0.038937 -0.006829 0.015188 -0.040671 0.999034
1755487235.139332 4.205796 -0.338157 0.036537 -0.007204 0.009940 -0.038342 0.999189
1755487235.157519 4.219651 -0.338283 0.037152 -0.007387 0.007483 -0.036269 0.999287
1755487235.238426 4.280972 -0.337859 0.046181 -0.006065 -0.002645 -0.030253 0.999520
1755487235.258119 4.288985 -0.338463 0.048427 -0.005833 -0.003638 -0.030347 0.999516
1755487235.337953 4.352200 -0.342074 0.057963 -0.004454 -0.009363 -0.036666 0.999274
1755487235.357282 4.366102 -0.344068 0.059916 -0.004234 -0.009766 -0.037449 0.999242
1755487235.437979 4.445774 -0.356907 0.068418 -0.000892 -0.007649 -0.041858 0.999094
1755487235.457678 4.462116 -0.360472 0.070266 -0.000061 -0.006275 -0.042647 0.999070
1755487235.537418 4.540664 -0.373913 0.069183 0.002487 -0.000911 -0.043552 0.999048
1755487235.557297 4.556113 -0.377988 0.070058 0.002591 0.000447 -0.043043 0.999070
1755487235.638728 4.634987 -0.394299 0.059452 0.005089 0.007020 -0.041813 0.999088
1755487235.658350 4.644593 -0.396596 0.057870 0.005389 0.007598 -0.041046 0.999114
1755487235.738975 4.725179 -0.416891 0.047455 0.008075 0.012736 -0.033696 0.999318
1755487235.758191 4.743896 -0.422563 0.046682 0.008484 0.013490 -0.031720 0.999370
1755487235.838500 4.820800 -0.442240 0.039195 0.009011 0.013518 -0.027693 0.999484
1755487235.857799 4.837554 -0.446239 0.039743 0.008402 0.013257 -0.029250 0.999449
1755487235.939471 4.911942 -0.459676 0.047828 0.003393 0.010480 -0.035107 0.999323
1755487235.958695 4.928647 -0.462169 0.052616 0.002102 0.010380 -0.033839 0.999371
1755487236.037956 4.994806 -0.470822 0.062256 -0.000721 0.009951 -0.029756 0.999507
1755487236.057255 5.003864 -0.472522 0.065950 -0.001336 0.010043 -0.028738 0.999536
1755487236.139617 5.071078 -0.480692 0.073133 -0.003465 0.012233 -0.024096 0.999629
1755487236.159895 5.087614 -0.482160 0.075938 -0.003838 0.013308 -0.022598 0.999649
1755487236.238105 5.154381 -0.489734 0.078865 -0.003488 0.018133 -0.019351 0.999642
1755487236.257046 5.170323 -0.491348 0.079547 -0.003486 0.019567 -0.018624 0.999629
1755487236.338870 5.239255 -0.497296 0.076448 -0.003215 0.024505 -0.019819 0.999498
1755487236.358377 5.253449 -0.498500 0.076076 -0.003100 0.025380 -0.020582 0.999461
1755487236.439326 5.320393 -0.499481 0.068301 -0.002870 0.027651 -0.025287 0.999294
1755487236.458554 5.322472 -0.499186 0.067660 -0.003020 0.027707 -0.026227 0.999267
1755487236.539373 5.385391 -0.495037 0.061339 -0.003453 0.025452 -0.031802 0.999164
1755487236.558392 5.397887 -0.493682 0.060862 -0.003238 0.023704 -0.032090 0.999199
1755487236.638926 5.454168 -0.488929 0.064762 0.000016 0.017448 -0.026428 0.999498
1755487236.658388 5.460926 -0.488631 0.065657 0.000717 0.016512 -0.026023 0.999525
1755487236.738899 5.511687 -0.483211 0.071757 0.003197 0.009829 -0.029583 0.999509
1755487236.758799 5.523632 -0.482941 0.074085 0.003058 0.008662 -0.030829 0.999482
1755487236.838808 5.574190 -0.479698 0.075628 0.004149 0.006542 -0.037124 0.999281
1755487236.858204 5.586639 -0.480309 0.077306 0.004265 0.007059 -0.038757 0.999215
1755487236.938464 5.643091 -0.482652 0.076730 0.005268 0.009123 -0.045281 0.998919
1755487236.959269 5.656322 -0.483086 0.075913 0.005064 0.010221 -0.046515 0.998852
1755487237.038349 5.712872 -0.487855 0.070243 0.004954 0.013112 -0.051829 0.998558
1755487237.057576 5.726376 -0.489657 0.069793 0.004669 0.014107 -0.052141 0.998529
1755487237.139015 5.786620 -0.499929 0.062907 0.006154 0.015313 -0.052245 0.998498
1755487237.158967 5.800124 -0.503308 0.061873 0.006395 0.015497 -0.051293 0.998543
1755487237.239792 5.857675 -0.518582 0.055598 0.008662 0.013872 -0.048440 0.998692
1755487237.259680 5.864611 -0.521351 0.056252 0.008704 0.013426 -0.047403 0.998748
1755487237.337903 5.921238 -0.537401 0.055624 0.009553 0.008689 -0.045016 0.998903
1755487237.356923 5.935185 -0.540834 0.057987 0.008900 0.007518 -0.043519 0.998985
1755487237.438578 5.996715 -0.550193 0.072405 0.005048 0.005129 -0.043378 0.999033
1755487237.457610 6.007144 -0.551366 0.074848 0.004451 0.005526 -0.042708 0.999062
1755487237.538577 6.068388 -0.558374 0.083915 0.001669 0.004818 -0.036659 0.999315
1755487237.557730 6.083166 -0.559510 0.086352 0.000857 0.005347 -0.035222 0.999365
1755487237.638375 6.145283 -0.566696 0.092036 -0.000005 0.008053 -0.031462 0.999473
1755487237.657699 6.158995 -0.568709 0.093662 -0.000147 0.008965 -0.030572 0.999492
1755487237.738381 6.219515 -0.577069 0.092367 0.000719 0.011786 -0.027608 0.999549
1755487237.757463 6.232139 -0.578885 0.092182 0.000693 0.012436 -0.027265 0.999551
1755487237.838330 6.292012 -0.583249 0.085531 0.001171 0.014110 -0.026009 0.999561
1755487237.859688 6.307163 -0.584043 0.084396 0.001059 0.014505 -0.025501 0.999569
1755487237.937638 6.367282 -0.583442 0.078018 0.000007 0.015048 -0.026425 0.999538
1755487237.956991 6.381162 -0.582986 0.077874 -0.000464 0.014697 -0.026601 0.999538
1755487238.038909 6.441972 -0.576662 0.072888 -0.002164 0.009902 -0.027956 0.999558
1755487238.057638 6.455354 -0.575246 0.073050 -0.002407 0.008565 -0.027072 0.999594
1755487238.138327 6.513715 -0.569705 0.077056 -0.001468 0.002293 -0.023434 0.999722
1755487238.158162 6.529555 -0.568326 0.079024 -0.001435 0.001560 -0.025253 0.999679
1755487238.239371 6.587374 -0.563142 0.084266 -0.003365 0.000168 -0.033749 0.999425
1755487238.258018 6.604495 -0.562802 0.086431 -0.003677 0.000683 -0.034927 0.999383
1755487238.338370 6.675300 -0.567108 0.093448 -0.002454 0.004345 -0.040486 0.999168
1755487238.357469 6.691288 -0.568593 0.094785 -0.002061 0.005766 -0.040988 0.999141
1755487238.437916 6.758450 -0.576319 0.092318 -0.000390 0.011241 -0.043296 0.998999
1755487238.457050 6.774697 -0.578306 0.090558 -0.000282 0.012648 -0.043338 0.998980
1755487238.536362 6.841688 -0.591170 0.080011 0.002370 0.017670 -0.043064 0.998913
1755487238.555969 6.858891 -0.595255 0.077739 0.003222 0.018917 -0.041692 0.998946
1755487238.639639 6.927828 -0.616803 0.070206 0.008350 0.021179 -0.036376 0.999079
1755487238.658738 6.936041 -0.619926 0.069882 0.008778 0.021094 -0.035064 0.999124
1755487238.737278 6.998262 -0.641464 0.065341 0.013433 0.016921 -0.027827 0.999379
1755487238.756470 7.013128 -0.646160 0.066615 0.013604 0.016216 -0.028052 0.999382
1755487238.837994 7.074469 -0.660890 0.076690 0.012110 0.009093 -0.025420 0.999562
1755487238.857982 7.088069 -0.663244 0.080928 0.010903 0.008233 -0.024249 0.999613
1755487238.938545 7.144545 -0.666227 0.093022 0.006890 0.005097 -0.018673 0.999789
1755487238.957914 7.158104 -0.666005 0.095352 0.005363 0.004975 -0.017255 0.999824
1755487239.038945 7.223645 -0.664826 0.102820 -0.000103 0.007400 -0.015861 0.999847
1755487239.058122 7.239360 -0.664108 0.104859 -0.001414 0.008857 -0.015148 0.999845
1755487239.138276 7.309662 -0.661763 0.106289 -0.004784 0.014219 -0.013523 0.999796
1755487239.156672 7.325296 -0.661654 0.106060 -0.005558 0.015604 -0.013063 0.999777
1755487239.239058 7.394582 -0.659227 0.097819 -0.007701 0.020176 -0.014363 0.999664
1755487239.258483 7.403897 -0.659173 0.096744 -0.008039 0.020728 -0.014477 0.999648
1755487239.337127 7.470943 -0.655357 0.087740 -0.009550 0.023295 -0.016165 0.999552
1755487239.356761 7.487012 -0.653997 0.085970 -0.009982 0.023494 -0.016463 0.999539
1755487239.439624 7.552422 -0.646821 0.080660 -0.010591 0.019270 -0.017554 0.999604
1755487239.459208 7.568056 -0.645505 0.080947 -0.010687 0.017829 -0.016075 0.999655
1755487239.537715 7.625444 -0.642489 0.087344 -0.007380 0.010199 -0.011637 0.999853
1755487239.556700 7.639449 -0.642461 0.090441 -0.007040 0.008768 -0.011475 0.999871
1755487239.638705 7.696499 -0.640011 0.098463 -0.006294 0.004126 -0.018318 0.999804
1755487239.657753 7.710908 -0.639873 0.100169 -0.006273 0.004090 -0.019797 0.999776
1755487239.737172 7.772117 -0.643365 0.106428 -0.003882 0.005025 -0.027623 0.999598
1755487239.756660 7.787983 -0.645206 0.108307 -0.003175 0.006296 -0.029039 0.999553
1755487239.837531 7.853588 -0.653212 0.107320 0.000433 0.010107 -0.031146 0.999464
1755487239.857081 7.869925 -0.655163 0.105744 0.001057 0.011350 -0.031194 0.999448
1755487239.939236 7.935578 -0.665013 0.096440 0.003273 0.013995 -0.032029 0.999384
1755487239.958463 7.950922 -0.667599 0.094547 0.003639 0.014534 -0.031059 0.999405
1755487240.038757 8.014098 -0.680713 0.086138 0.007161 0.014445 -0.024779 0.999563
1755487240.058333 8.029748 -0.683868 0.084450 0.007679 0.014300 -0.023228 0.999598
1755487240.139177 8.091744 -0.696175 0.079616 0.010112 0.009495 -0.013091 0.999818
1755487240.158104 8.107454 -0.698641 0.080146 0.010083 0.008385 -0.011612 0.999847
1755487240.239227 8.170067 -0.704789 0.087480 0.008309 0.002598 -0.009633 0.999916
1755487240.258915 8.187393 -0.705316 0.091396 0.007307 0.002156 -0.008150 0.999938
1755487240.339285 8.252186 -0.701459 0.105192 0.002283 0.001024 -0.001644 0.999996
1755487240.358782 8.267765 -0.700816 0.107483 0.001442 0.001409 0.001515 0.999997
1755487240.437903 8.329399 -0.695927 0.112064 -0.001908 0.003732 0.007325 0.999964
1755487240.457859 8.347495 -0.694772 0.113088 -0.002857 0.005213 0.008702 0.999944
1755487240.539500 8.418379 -0.689095 0.114903 -0.005227 0.011195 0.012715 0.999843
1755487240.559749 8.437638 -0.687899 0.115242 -0.005898 0.013001 0.013233 0.999811
1755487240.641270 8.508559 -0.680715 0.110985 -0.007952 0.018346 0.012098 0.999727
1755487240.660102 8.526054 -0.678889 0.109774 -0.008725 0.019397 0.011693 0.999705
1755487240.741565 8.594206 -0.668229 0.100546 -0.009890 0.021375 0.008725 0.999685
1755487240.760120 8.610559 -0.665643 0.098979 -0.010364 0.021658 0.007985 0.999680
1755487240.839294 8.673447 -0.651922 0.090983 -0.010648 0.019804 0.005295 0.999733
1755487240.860043 8.688835 -0.648163 0.090665 -0.010727 0.018653 0.006055 0.999750
1755487240.940038 8.750976 -0.636305 0.094017 -0.006335 0.013915 0.015305 0.999766
1755487240.960703 8.766195 -0.633782 0.096313 -0.004805 0.013104 0.017848 0.999743
1755487241.040939 8.822393 -0.625520 0.102030 -0.000958 0.010417 0.017632 0.999790
1755487241.060417 8.835991 -0.623085 0.103123 -0.001000 0.010629 0.016937 0.999800
1755487241.139962 8.893899 -0.618474 0.105680 0.001768 0.012217 0.012818 0.999842
1755487241.158865 8.908948 -0.617840 0.106892 0.002199 0.013758 0.012299 0.999827
1755487241.239647 8.974760 -0.616078 0.107185 0.003740 0.018137 0.008176 0.999795
1755487241.259339 8.991847 -0.615575 0.106791 0.003260 0.019804 0.007986 0.999767
1755487241.338851 9.055596 -0.615009 0.099018 0.003411 0.023294 0.005354 0.999709
1755487241.358497 9.072524 -0.615813 0.096711 0.003431 0.024421 0.005687 0.999680
1755487241.439190 9.136061 -0.623400 0.088688 0.006666 0.024623 0.008557 0.999638
1755487241.459746 9.154560 -0.626476 0.087110 0.007345 0.024657 0.009624 0.999623
1755487241.540880 9.215118 -0.639707 0.080279 0.011332 0.019622 0.014260 0.999642
1755487241.560872 9.224112 -0.641604 0.080210 0.011662 0.018705 0.015566 0.999636
1755487241.639776 9.280850 -0.654224 0.082655 0.013535 0.010199 0.018990 0.999676
1755487241.658676 9.294745 -0.656681 0.085713 0.013659 0.009078 0.021441 0.999636
1755487241.739570 9.354418 -0.664394 0.097860 0.012561 0.005559 0.025546 0.999579
1755487241.759619 9.369304 -0.665509 0.100498 0.012090 0.005673 0.027627 0.999529
1755487241.840788 9.431043 -0.666233 0.108847 0.009227 0.007137 0.028879 0.999515
1755487241.859464 9.445889 -0.665861 0.111130 0.008161 0.008779 0.028632 0.999518
1755487241.940197 9.513184 -0.665006 0.115567 0.005480 0.013980 0.026001 0.999549
1755487241.959846 9.529214 -0.665458 0.115881 0.004920 0.015999 0.025395 0.999537
1755487242.040268 9.598992 -0.667495 0.111584 0.003749 0.022297 0.020162 0.999541
1755487242.060542 9.616878 -0.668207 0.109300 0.003245 0.024383 0.019275 0.999512
1755487242.139982 9.689752 -0.669994 0.099461 0.002696 0.029612 0.014446 0.999453
1755487242.160513 9.707595 -0.670341 0.097371 0.002178 0.030991 0.013902 0.999421
1755487242.241161 9.778212 -0.668238 0.090329 0.001041 0.032655 0.012303 0.999390
1755487242.259243 9.794350 -0.667393 0.089198 0.000273 0.032516 0.011699 0.999403
1755487242.339913 9.858233 -0.660820 0.087065 -0.002736 0.026134 0.007505 0.999627
1755487242.359340 9.873628 -0.659627 0.088934 -0.003513 0.024578 0.008377 0.999657
1755487242.440957 9.934949 -0.657409 0.102339 -0.003340 0.018837 0.006301 0.999797
1755487242.459296 9.948762 -0.657600 0.105013 -0.003121 0.018588 0.005036 0.999810
1755487242.539320 10.007633 -0.660599 0.112132 -0.003299 0.016124 -0.004171 0.999856
1755487242.558889 10.022525 -0.662762 0.114229 -0.002969 0.016711 -0.005394 0.999841
1755487242.639287 10.086732 -0.674886 0.119451 0.000652 0.019330 -0.011028 0.999752
1755487242.659504 10.095171 -0.677093 0.120346 0.001071 0.020053 -0.011259 0.999735
1755487242.739216 10.161347 -0.692926 0.117845 0.004923 0.023874 -0.015591 0.999581
1755487242.758884 10.177514 -0.697532 0.116514 0.005455 0.024893 -0.016109 0.999545
1755487242.841095 10.247859 -0.719832 0.107817 0.009420 0.026363 -0.018384 0.999439
1755487242.860160 10.263305 -0.725708 0.106085 0.010365 0.026321 -0.016785 0.999459
1755487242.940009 10.328387 -0.750069 0.099899 0.013738 0.023724 -0.015063 0.999511
1755487242.959101 10.343113 -0.755225 0.099091 0.013646 0.022528 -0.014372 0.999550
1755487243.039431 10.403133 -0.774038 0.100024 0.011746 0.015078 -0.019361 0.999630
1755487243.059112 10.416853 -0.777227 0.102104 0.010694 0.013161 -0.020269 0.999651
1755487243.139262 10.477010 -0.787982 0.116901 0.006045 0.008781 -0.022817 0.999683
1755487243.158644 10.481273 -0.788924 0.119101 0.005533 0.008918 -0.022790 0.999685
1755487243.239546 10.543884 -0.795220 0.130628 0.001337 0.007873 -0.020687 0.999754
1755487243.258979 10.551953 -0.795830 0.132433 0.000672 0.008377 -0.020794 0.999748
1755487243.339758 10.617987 -0.800352 0.139312 -0.002754 0.011066 -0.023348 0.999662
1755487243.358615 10.633855 -0.801473 0.139822 -0.003057 0.012053 -0.023050 0.999657
1755487243.440394 10.703239 -0.807632 0.138091 -0.003409 0.015124 -0.023931 0.999593
1755487243.458937 10.719026 -0.808485 0.137123 -0.003752 0.015982 -0.024482 0.999565
1755487243.540577 10.791733 -0.810258 0.131410 -0.004767 0.018031 -0.027154 0.999457
1755487243.560307 10.808727 -0.809889 0.130319 -0.005204 0.018456 -0.027929 0.999426
1755487243.639609 10.877645 -0.805871 0.124266 -0.006417 0.017806 -0.030332 0.999361
1755487243.659259 10.885768 -0.805127 0.123764 -0.006615 0.017383 -0.030372 0.999366
1755487243.739954 10.950235 -0.798277 0.120098 -0.006606 0.010573 -0.024330 0.999626
1755487243.759434 10.965329 -0.797451 0.120985 -0.005993 0.009337 -0.021097 0.999716
1755487243.840043 11.026938 -0.792605 0.125570 -0.003240 0.004891 -0.017674 0.999827
1755487243.859787 11.041429 -0.791316 0.126891 -0.003379 0.004712 -0.017885 0.999823
1755487243.939919 11.101812 -0.788545 0.129384 -0.002881 0.004568 -0.018087 0.999822
1755487243.959163 11.116725 -0.789012 0.130995 -0.002014 0.005700 -0.017078 0.999836
1755487244.039664 11.179722 -0.794724 0.135702 0.002299 0.010556 -0.014353 0.999839
1755487244.059476 11.187949 -0.795593 0.136485 0.002776 0.011662 -0.013300 0.999840
1755487244.139671 11.254735 -0.802787 0.133672 0.006260 0.017910 -0.006941 0.999796
1755487244.158990 11.271213 -0.804467 0.132054 0.006811 0.019682 -0.005229 0.999769
1755487244.240236 11.341151 -0.814638 0.123008 0.010766 0.025321 0.004071 0.999613
1755487244.260669 11.357955 -0.817835 0.121229 0.011587 0.026775 0.006891 0.999551
1755487244.340742 11.427093 -0.830346 0.112186 0.015463 0.029776 0.016947 0.999293
1755487244.359854 11.443719 -0.833019 0.110828 0.016000 0.030302 0.019563 0.999221
1755487244.440223 11.508063 -0.844674 0.106974 0.017751 0.026850 0.029255 0.999054
1755487244.459831 11.515649 -0.845571 0.107574 0.017549 0.026497 0.029629 0.999056
1755487244.540952 11.577676 -0.849548 0.116061 0.012117 0.019643 0.031719 0.999230
1755487244.561339 11.592952 -0.849202 0.119921 0.010120 0.019220 0.033932 0.999188
1755487244.641920 11.649890 -0.844315 0.127993 0.003896 0.016375 0.042691 0.998947
1755487244.660195 11.655780 -0.843731 0.129523 0.003096 0.016757 0.043680 0.998900
1755487244.739643 11.715773 -0.834294 0.136046 -0.004233 0.017981 0.051960 0.998478
1755487244.759349 11.730899 -0.831970 0.137943 -0.005602 0.019538 0.054479 0.998308
1755487244.840930 11.793290 -0.821885 0.141201 -0.008936 0.023519 0.062660 0.997718
1755487244.860359 11.808550 -0.819862 0.140900 -0.009858 0.024842 0.063944 0.997596
1755487244.940716 11.871449 -0.809879 0.135191 -0.012685 0.026834 0.065314 0.997423
1755487244.960101 11.886630 -0.807108 0.133693 -0.013585 0.027466 0.064958 0.997417
1755487245.040194 11.950787 -0.794455 0.127301 -0.016542 0.027743 0.061915 0.997559
1755487245.059331 11.965407 -0.791200 0.126101 -0.017101 0.027576 0.061174 0.997600
1755487245.139736 12.024034 -0.779015 0.123453 -0.018228 0.021888 0.055748 0.998038
1755487245.159739 12.037438 -0.776005 0.124522 -0.018418 0.019992 0.055670 0.998079
1755487245.240958 12.089309 -0.767334 0.132780 -0.016652 0.011253 0.053465 0.998367
1755487245.261897 12.102057 -0.765705 0.135346 -0.016021 0.009831 0.051778 0.998482
1755487245.340072 12.148784 -0.763608 0.139730 -0.014101 0.004639 0.043436 0.998946
1755487245.360184 12.161310 -0.763505 0.141288 -0.013529 0.004426 0.040951 0.999060
1755487245.440046 12.213143 -0.767497 0.145952 -0.009757 0.004734 0.031088 0.999458
1755487245.459174 12.226040 -0.768621 0.147086 -0.009098 0.005431 0.029001 0.999523
1755487245.540365 12.281775 -0.774363 0.146205 -0.005844 0.006879 0.022243 0.999712
1755487245.559423 12.295266 -0.775839 0.145659 -0.005211 0.007627 0.021215 0.999732
1755487245.640924 12.353110 -0.786477 0.138847 -0.000922 0.008890 0.018669 0.999786
1755487245.660617 12.366686 -0.790108 0.137433 0.000377 0.009615 0.019173 0.999770
1755487245.740720 12.427324 -0.805715 0.127654 0.005877 0.010199 0.019268 0.999745
1755487245.760157 12.431703 -0.806872 0.127837 0.006085 0.010357 0.019172 0.999744
1755487245.840367 12.494048 -0.824043 0.119802 0.010179 0.006875 0.020246 0.999720
1755487245.860230 12.502219 -0.826029 0.119887 0.010270 0.006589 0.020168 0.999722
1755487245.940262 12.565829 -0.839049 0.121566 0.011134 0.000828 0.024342 0.999641
1755487245.959979 12.570838 -0.839928 0.123089 0.010951 0.000874 0.024930 0.999629
1755487246.040321 12.636981 -0.842999 0.134103 0.006988 0.001277 0.032008 0.999462
1755487246.060500 12.651977 -0.843175 0.135426 0.006140 0.002282 0.036422 0.999315
1755487246.140343 12.715938 -0.839314 0.138404 0.002881 0.005288 0.048595 0.998800
1755487246.159722 12.720446 -0.838954 0.139939 0.002527 0.006233 0.049132 0.998770
1755487246.240392 12.790356 -0.831503 0.141341 -0.000291 0.013261 0.060144 0.998102
1755487246.261324 12.807490 -0.830253 0.141342 -0.000879 0.015596 0.062533 0.997921
1755487246.340365 12.874758 -0.821483 0.138944 -0.001711 0.019534 0.072597 0.997169
1755487246.360918 12.879275 -0.820561 0.139459 -0.001939 0.020164 0.073396 0.997097
1755487246.441252 12.947071 -0.804278 0.135956 -0.005153 0.022089 0.086969 0.995953
1755487246.460589 12.961980 -0.800310 0.135513 -0.006136 0.022526 0.089682 0.995697
1755487246.540954 13.021720 -0.780434 0.133365 -0.008560 0.019375 0.103426 0.994412
1755487246.560502 13.035578 -0.775977 0.133322 -0.009065 0.018373 0.107435 0.994001
1755487246.641101 13.090833 -0.759488 0.136025 -0.007852 0.012870 0.126020 0.991913
1755487246.660848 13.096842 -0.758011 0.137127 -0.007435 0.012466 0.127706 0.991706
1755487246.741621 13.151902 -0.748107 0.145728 -0.004036 0.008001 0.138945 0.990260
1755487246.760898 13.160240 -0.747301 0.146647 -0.003639 0.008009 0.139665 0.990160
1755487246.840478 13.215718 -0.745237 0.148730 0.000252 0.006883 0.141995 0.989843
1755487246.860721 13.231073 -0.745617 0.149617 0.001551 0.008088 0.142581 0.989749
1755487246.941068 13.293730 -0.750688 0.150288 0.006205 0.011877 0.138835 0.990225
1755487246.959794 13.309134 -0.751558 0.150168 0.007014 0.013423 0.138087 0.990304
1755487247.041103 13.373323 -0.758585 0.145098 0.009262 0.017834 0.129945 0.991318
1755487247.060127 13.389228 -0.759856 0.143565 0.009485 0.019147 0.128014 0.991542
1755487247.141040 13.451943 -0.771011 0.134527 0.010658 0.021321 0.117743 0.992758
1755487247.160828 13.467665 -0.773953 0.132766 0.010725 0.021791 0.115176 0.993048
1755487247.243786 13.528521 -0.790316 0.124789 0.011552 0.018521 0.104189 0.994318
1755487247.260174 13.532616 -0.791250 0.124815 0.011548 0.018266 0.103320 0.994413
1755487247.342803 13.588320 -0.806079 0.124868 0.008918 0.009783 0.085577 0.996244
1755487247.359612 13.599789 -0.808243 0.127135 0.008248 0.008843 0.083054 0.996472
1755487247.439930 13.651808 -0.815043 0.139743 0.003227 0.005298 0.071888 0.997393
1755487247.459530 13.664187 -0.816339 0.142340 0.002400 0.005437 0.071822 0.997400
1755487247.541130 13.718875 -0.819642 0.151875 -0.000957 0.005490 0.065651 0.997827
1755487247.560032 13.732070 -0.819643 0.154655 -0.001953 0.006716 0.063493 0.997958
1755487247.640691 13.791782 -0.820743 0.160406 -0.003960 0.010057 0.058652 0.998220
1755487247.660021 13.798620 -0.820962 0.161033 -0.004134 0.010948 0.058034 0.998246
1755487247.740682 13.862951 -0.822600 0.155869 -0.004951 0.014472 0.052929 0.998481
1755487247.759598 13.867024 -0.822474 0.155818 -0.005053 0.014826 0.052691 0.998488
1755487247.840406 13.937045 -0.821361 0.147752 -0.005919 0.017666 0.049792 0.998586
1755487247.859881 13.953604 -0.820397 0.146580 -0.006261 0.018362 0.049176 0.998602
1755487247.940996 14.025061 -0.815109 0.141180 -0.007338 0.017763 0.047310 0.998695
1755487247.960065 14.029358 -0.814769 0.141009 -0.007437 0.017437 0.047039 0.998713
1755487248.040717 14.101231 -0.809985 0.140414 -0.007117 0.011560 0.045383 0.998877
1755487248.059823 14.117599 -0.809407 0.142158 -0.006618 0.010620 0.045619 0.998881
1755487248.141303 14.189542 -0.809014 0.147370 -0.004166 0.008029 0.039894 0.999163
1755487248.159861 14.205078 -0.808957 0.147832 -0.003853 0.008177 0.038394 0.999222
1755487248.241722 14.279024 -0.812564 0.148397 -0.002549 0.011451 0.025257 0.999612
1755487248.260534 14.296838 -0.813869 0.149529 -0.002218 0.013502 0.022810 0.999646
1755487248.340092 14.375329 -0.822638 0.152568 0.001220 0.020019 0.015167 0.999684
1755487248.359882 14.394971 -0.824849 0.152827 0.001793 0.022087 0.014065 0.999656
1755487248.439895 14.472911 -0.836066 0.148092 0.004796 0.026822 0.009373 0.999585
1755487248.459782 14.491621 -0.838991 0.145738 0.005203 0.027846 0.009566 0.999553
1755487248.540486 14.566216 -0.854113 0.134281 0.008249 0.029368 0.008739 0.999496
1755487248.559636 14.570981 -0.855704 0.134288 0.008330 0.029541 0.008796 0.999490
1755487248.641651 14.644556 -0.871993 0.127194 0.010661 0.025144 0.011855 0.999557
1755487248.660115 14.659738 -0.875252 0.127501 0.009884 0.023799 0.011354 0.999603
1755487248.739870 14.724217 -0.882921 0.134707 0.005740 0.014965 0.007841 0.999841
1755487248.759521 14.739692 -0.883913 0.138793 0.004058 0.013840 0.008377 0.999861
1755487248.840499 14.802641 -0.886385 0.149708 -0.000490 0.009544 0.012754 0.999873
1755487248.860045 14.817293 -0.887285 0.152256 -0.000753 0.010016 0.016054 0.999821
1755487248.941509 14.885907 -0.889178 0.163587 -0.001524 0.012531 0.025079 0.999606
1755487248.961624 14.902006 -0.890050 0.166339 -0.001460 0.014149 0.027514 0.999520
1755487249.041538 14.971092 -0.893187 0.168871 0.000778 0.018460 0.034699 0.999227
1755487249.061774 14.987067 -0.893701 0.168412 0.000986 0.019692 0.035655 0.999170
1755487249.142852 15.054553 -0.891373 0.158619 0.000995 0.021958 0.032271 0.999237
1755487249.161059 15.063408 -0.890694 0.157990 0.000612 0.022418 0.031302 0.999258
1755487249.240425 15.129379 -0.880449 0.148415 -0.001707 0.022411 0.023361 0.999474
1755487249.260410 15.146137 -0.877251 0.146738 -0.002386 0.022055 0.021868 0.999515
1755487249.340649 15.207792 -0.864717 0.141881 -0.002410 0.016143 0.016599 0.999729
1755487249.360071 15.221567 -0.862768 0.142968 -0.001944 0.014786 0.017560 0.999735
1755487249.441007 15.280366 -0.858072 0.150765 0.004726 0.009032 0.017731 0.999791
1755487249.460118 15.292821 -0.857318 0.153144 0.005775 0.008768 0.016145 0.999815
1755487249.541586 15.350418 -0.853767 0.158986 0.008234 0.006848 0.004231 0.999934
1755487249.560391 15.363387 -0.853769 0.161319 0.009119 0.007385 0.002384 0.999928
1755487249.641265 15.424331 -0.858558 0.164912 0.014008 0.010796 -0.009544 0.999798
1755487249.660071 15.439055 -0.859245 0.165375 0.014632 0.012035 -0.011776 0.999751
1755487249.741542 15.499880 -0.864712 0.159965 0.017492 0.015586 -0.021598 0.999492
1755487249.761345 15.514371 -0.865716 0.158635 0.017531 0.016642 -0.023810 0.999424
1755487249.841794 15.574790 -0.873583 0.150890 0.019848 0.018575 -0.030938 0.999152
1755487249.860841 15.586977 -0.876433 0.150191 0.020592 0.018822 -0.030759 0.999137
1755487249.941035 15.643765 -0.888729 0.144250 0.024638 0.016534 -0.027943 0.999169
1755487249.961692 15.657192 -0.891257 0.143662 0.024897 0.015578 -0.027196 0.999199
1755487250.041422 15.708965 -0.901010 0.141716 0.025394 0.007242 -0.027295 0.999279
1755487250.060727 15.720859 -0.902186 0.142695 0.024604 0.005363 -0.027956 0.999292
1755487250.141592 15.771268 -0.904022 0.151891 0.020428 -0.004809 -0.025175 0.999463
1755487250.161367 15.774992 -0.903845 0.154349 0.019808 -0.004674 -0.025297 0.999473
1755487250.241971 15.830287 -0.898869 0.165315 0.010808 -0.008269 -0.024563 0.999606
1755487250.261342 15.844606 -0.896946 0.167631 0.008581 -0.007541 -0.024094 0.999644
1755487250.341010 15.904883 -0.889621 0.174730 0.001694 -0.005394 -0.023596 0.999706
1755487250.360504 15.910016 -0.889445 0.176321 0.001216 -0.004645 -0.023597 0.999710
1755487250.441363 15.977726 -0.887001 0.178359 -0.002100 0.001237 -0.020599 0.999785
1755487250.460581 15.994605 -0.886876 0.178297 -0.002642 0.003049 -0.019722 0.999797
1755487250.540860 16.066967 -0.887219 0.172564 -0.003304 0.008753 -0.018417 0.999787
1755487250.560195 16.084445 -0.887218 0.171263 -0.003559 0.010434 -0.018588 0.999766
1755487250.640834 16.160323 -0.886988 0.163515 -0.003794 0.015917 -0.019354 0.999679
1755487250.661013 16.180255 -0.886522 0.161584 -0.003999 0.017048 -0.019620 0.999654
1755487250.741754 16.256893 -0.883956 0.153428 -0.004114 0.018462 -0.021520 0.999589
1755487250.762501 16.278502 -0.882326 0.152744 -0.004481 0.018306 -0.021514 0.999591
1755487250.840812 16.351261 -0.880289 0.155187 -0.003069 0.016171 -0.018067 0.999701
1755487250.860958 16.370509 -0.879638 0.156889 -0.002720 0.015776 -0.018994 0.999691
1755487250.941557 16.440487 -0.877507 0.162549 -0.003107 0.015657 -0.025671 0.999543
1755487250.960476 16.457582 -0.876844 0.163329 -0.003819 0.016084 -0.027825 0.999476
1755487251.041301 16.525406 -0.881915 0.166938 -0.003159 0.018227 -0.036110 0.999177
1755487251.060816 16.544045 -0.883933 0.168254 -0.002750 0.019808 -0.037470 0.999098
1755487251.141218 16.613238 -0.895960 0.168630 0.000298 0.024031 -0.040443 0.998893
1755487251.160822 16.632582 -0.898806 0.168124 0.000531 0.025531 -0.040688 0.998846
1755487251.242109 16.705591 -0.914352 0.160520 0.002966 0.030522 -0.041593 0.998664
1755487251.261348 16.724913 -0.918571 0.158727 0.003286 0.032145 -0.041165 0.998630
1755487251.342105 16.798841 -0.941328 0.148335 0.008276 0.035528 -0.035847 0.998691
1755487251.360532 16.816173 -0.946437 0.146881 0.008971 0.036308 -0.033943 0.998724
1755487251.442100 16.885158 -0.971664 0.143501 0.012537 0.034003 -0.029684 0.998902
1755487251.461678 16.900811 -0.977426 0.145407 0.012413 0.033262 -0.030563 0.998902
1755487251.541431 16.961078 -0.994588 0.157419 0.010763 0.027199 -0.029685 0.999131
1755487251.561123 16.964937 -0.995233 0.159298 0.010268 0.027391 -0.029911 0.999124
1755487251.642262 17.022270 -1.002324 0.172733 0.004731 0.022846 -0.025444 0.999404
1755487251.661280 17.033604 -1.003039 0.175959 0.003227 0.023221 -0.024685 0.999420
1755487251.742819 17.091434 -1.004872 0.186762 -0.001070 0.023451 -0.021539 0.999492
1755487251.761666 17.093266 -1.004833 0.187733 -0.001262 0.023740 -0.021345 0.999489
1755487251.841808 17.153022 -1.009276 0.190804 -0.001915 0.025613 -0.014871 0.999559
1755487251.861036 17.165478 -1.010178 0.189496 -0.002304 0.026094 -0.014537 0.999551
1755487251.943107 17.225587 -1.009067 0.182751 -0.003948 0.026493 -0.012991 0.999557
1755487251.961955 17.226440 -1.009384 0.182649 -0.004135 0.026517 -0.013000 0.999555
1755487252.041877 17.285244 -1.002493 0.177872 -0.006497 0.025079 -0.011744 0.999595
1755487252.060818 17.297679 -1.000576 0.178054 -0.006760 0.024058 -0.011402 0.999623
1755487252.141862 17.352175 -0.991309 0.174904 -0.005782 0.015683 -0.009281 0.999817
1755487252.161295 17.363463 -0.989919 0.175657 -0.004986 0.012763 -0.008011 0.999874
1755487252.241749 17.414963 -0.983373 0.183150 -0.000931 0.004041 0.000402 0.999991
1755487252.261514 17.426629 -0.982606 0.186454 0.000503 0.003303 -0.001067 0.999994
1755487252.341671 17.479942 -0.977385 0.190838 0.002009 0.001108 -0.009181 0.999955
1755487252.360872 17.493038 -0.976785 0.192117 0.002205 0.001546 -0.012149 0.999923
1755487252.441504 17.559820 -0.976238 0.195061 0.003517 0.006142 -0.020962 0.999755
1755487252.461459 17.576188 -0.976160 0.195801 0.004165 0.007936 -0.022811 0.999700
1755487252.543165 17.648673 -0.977859 0.191972 0.005610 0.014717 -0.025190 0.999559
1755487252.561978 17.664379 -0.978375 0.189178 0.005801 0.016230 -0.025855 0.999517
1755487252.643072 17.732730 -0.983921 0.176301 0.007233 0.021993 -0.028596 0.999323
1755487252.660868 17.748195 -0.986796 0.172259 0.007742 0.023476 -0.029136 0.999270
1755487252.743233 17.818089 -0.999699 0.161414 0.012066 0.025605 -0.026144 0.999257
1755487252.761532 17.823723 -1.000906 0.160146 0.012226 0.025830 -0.026021 0.999253
1755487252.844001 17.891188 -1.017526 0.153621 0.016796 0.021833 -0.022466 0.999368
1755487252.863328 17.896328 -1.019662 0.153847 0.016790 0.021578 -0.022544 0.999372
1755487252.942147 17.960589 -1.035709 0.157147 0.018616 0.013182 -0.025802 0.999407
1755487252.961326 17.965199 -1.037450 0.159177 0.018444 0.013151 -0.025820 0.999410
1755487253.041670 18.031947 -1.048918 0.167083 0.017049 0.008295 -0.026021 0.999482
1755487253.060578 18.047195 -1.051816 0.168308 0.015832 0.009084 -0.025034 0.999520
1755487253.141954 18.116129 -1.056739 0.173527 0.013744 0.009953 -0.024983 0.999544
1755487253.161074 18.120757 -1.057796 0.176019 0.013317 0.011027 -0.025209 0.999533
1755487253.242354 18.192567 -1.061076 0.180228 0.010924 0.015198 -0.027726 0.999440
1755487253.261578 18.209545 -1.062664 0.180524 0.009376 0.017521 -0.028558 0.999395
1755487253.341809 18.278808 -1.063862 0.175296 0.007976 0.018732 -0.033297 0.999238
1755487253.360987 18.295786 -1.064254 0.173821 0.006540 0.020255 -0.035004 0.999160
1755487253.441679 18.368702 -1.062713 0.164310 0.004967 0.020352 -0.041263 0.998929
1755487253.460542 18.385368 -1.062819 0.164297 0.003744 0.021351 -0.043180 0.998832
1755487253.541191 18.454318 -1.058066 0.161494 0.003260 0.015574 -0.048113 0.998715
1755487253.560692 18.469753 -1.057253 0.163932 0.002699 0.013626 -0.048114 0.998745
1755487253.642885 18.532001 -1.054347 0.175316 0.005291 0.003217 -0.044109 0.999008
1755487253.662467 18.547208 -1.054810 0.179920 0.005568 0.002054 -0.045909 0.998928
1755487253.742347 18.607419 -1.056172 0.190550 0.007335 -0.002749 -0.054474 0.998484
1755487253.761423 18.622741 -1.057965 0.193356 0.008005 -0.002446 -0.057469 0.998312
1755487253.841356 18.690283 -1.068593 0.201121 0.012248 0.000202 -0.065797 0.997758
1755487253.861193 18.708089 -1.072701 0.202062 0.013505 0.001550 -0.067776 0.997608
1755487253.942401 18.782505 -1.088161 0.199824 0.016738 0.007424 -0.075205 0.997000
1755487253.961902 18.800517 -1.092236 0.197637 0.017355 0.008846 -0.076828 0.996854
1755487254.041744 18.874722 -1.111536 0.185434 0.020012 0.014561 -0.082156 0.996312
1755487254.060809 18.892675 -1.117515 0.182820 0.021012 0.015441 -0.082056 0.996287
1755487254.141497 18.965306 -1.143389 0.172499 0.026104 0.016762 -0.078319 0.996446
1755487254.161377 18.970594 -1.145437 0.171604 0.026448 0.016762 -0.077870 0.996472
1755487254.242435 19.041206 -1.172067 0.167809 0.030539 0.010737 -0.069252 0.997074
1755487254.261504 19.057329 -1.176955 0.168728 0.030492 0.009700 -0.070317 0.997011
1755487254.342000 19.125141 -1.193349 0.180223 0.026829 0.003100 -0.070802 0.997125
1755487254.361037 19.129401 -1.194312 0.181329 0.026561 0.003151 -0.070257 0.997170
1755487254.442858 19.201645 -1.207254 0.191387 0.021962 0.001712 -0.063548 0.997736
1755487254.461713 19.219315 -1.210184 0.193797 0.021578 0.003337 -0.061787 0.997851
1755487254.542984 19.300429 -1.223714 0.204407 0.019264 0.009971 -0.058692 0.998040
1755487254.561500 19.304195 -1.224760 0.205098 0.019299 0.010548 -0.058345 0.998054
1755487254.642501 19.387588 -1.239991 0.206812 0.017466 0.018721 -0.057084 0.998041
1755487254.661385 19.406858 -1.242803 0.205818 0.016649 0.020243 -0.058105 0.997966
1755487254.742253 19.488592 -1.254420 0.197382 0.012761 0.024395 -0.063615 0.997595
1755487254.761482 19.493250 -1.255025 0.197301 0.012485 0.024590 -0.063959 0.997571
1755487254.841667 19.572589 -1.261509 0.187718 0.007726 0.025477 -0.069221 0.997246
1755487254.860794 19.591144 -1.263001 0.185709 0.006728 0.024857 -0.070169 0.997203
1755487254.941658 19.667909 -1.266466 0.182101 0.002505 0.017746 -0.072176 0.997231
1755487254.960853 19.685710 -1.268110 0.183461 0.002127 0.016110 -0.070765 0.997361
1755487255.042807 19.761516 -1.275156 0.194423 0.003429 0.010512 -0.070343 0.997462
1755487255.061307 19.778164 -1.277028 0.196796 0.003337 0.010133 -0.072317 0.997325
1755487255.142688 19.851233 -1.286726 0.203278 0.003585 0.008812 -0.079592 0.996782
1755487255.162403 19.862388 -1.289134 0.204473 0.004173 0.009563 -0.080139 0.996729
1755487255.242695 19.936767 -1.307914 0.208642 0.009786 0.012696 -0.082413 0.996469
1755487255.260914 19.953888 -1.312163 0.208701 0.010675 0.014145 -0.082141 0.996463
1755487255.342207 20.030731 -1.330835 0.203607 0.013631 0.017552 -0.084043 0.996214
1755487255.361197 20.048946 -1.335593 0.202027 0.014059 0.018974 -0.083982 0.996187
1755487255.442322 20.126819 -1.357189 0.192478 0.017125 0.020646 -0.081703 0.996296
1755487255.461075 20.144478 -1.362594 0.191325 0.017727 0.021240 -0.080232 0.996392
1755487255.542108 20.220493 -1.387022 0.184699 0.020786 0.018622 -0.073348 0.996916
1755487255.561414 20.224731 -1.388682 0.185309 0.020834 0.018554 -0.072744 0.996960
1755487255.643548 20.298674 -1.412650 0.189069 0.022111 0.010326 -0.067240 0.997438
1755487255.662314 20.315458 -1.417423 0.192123 0.021758 0.008957 -0.064867 0.997616
1755487255.743012 20.388718 -1.432094 0.206089 0.017503 0.006720 -0.062814 0.997849
1755487255.761828 20.405617 -1.435220 0.208123 0.016443 0.007123 -0.061051 0.997974
1755487255.843300 20.481912 -1.445452 0.215239 0.011633 0.009218 -0.057753 0.998221
1755487255.861676 20.488888 -1.447314 0.217320 0.011344 0.010596 -0.057990 0.998196
1755487255.942526 20.567213 -1.459029 0.221959 0.008239 0.017419 -0.057842 0.998140
1755487255.961946 20.571460 -1.460531 0.223124 0.008240 0.018281 -0.057957 0.998118
1755487256.042942 20.649436 -1.474353 0.219578 0.006605 0.023427 -0.059082 0.997956
1755487256.062566 20.667707 -1.477654 0.218332 0.005903 0.025121 -0.060084 0.997860
1755487256.142769 20.742776 -1.487436 0.211554 0.003393 0.026122 -0.064478 0.997571
1755487256.161744 20.760570 -1.488889 0.210977 0.002475 0.026971 -0.065893 0.997459
1755487256.242195 20.835566 -1.494906 0.206395 -0.000162 0.024489 -0.069292 0.997296
1755487256.261842 20.853389 -1.495703 0.206626 -0.001251 0.023382 -0.070445 0.997241
1755487256.343259 20.925855 -1.501085 0.211406 -0.002609 0.016005 -0.068100 0.997547
1755487256.365093 20.925598 -1.501060 0.212066 -0.002697 0.016049 -0.068009 0.997552
1755487256.442736 20.991744 -1.509818 0.221930 -0.001333 0.009675 -0.072509 0.997320
1755487256.461757 21.007976 -1.511145 0.224219 -0.001655 0.009773 -0.075902 0.997066
1755487256.543429 21.079206 -1.525343 0.232308 -0.000430 0.009938 -0.085283 0.996307
1755487256.563045 21.097086 -1.529683 0.235141 0.000229 0.011530 -0.087395 0.996107
1755487256.643003 21.170972 -1.550623 0.240833 0.004016 0.015351 -0.090988 0.995726
1755487256.661500 21.188050 -1.555025 0.240884 0.004418 0.016781 -0.091287 0.995673
1755487256.741636 21.261234 -1.578412 0.232154 0.007202 0.019711 -0.090942 0.995635
1755487256.761228 21.266283 -1.580143 0.231840 0.007474 0.020233 -0.090807 0.995635
1755487256.842679 21.340704 -1.609953 0.220256 0.012177 0.021826 -0.083931 0.996158
1755487256.861875 21.357815 -1.616886 0.218382 0.012876 0.022132 -0.082514 0.996261
1755487256.942719 21.429149 -1.648465 0.214453 0.015462 0.017396 -0.073469 0.997026
1755487256.962176 21.432996 -1.649937 0.214826 0.015601 0.017272 -0.073130 0.997051
1755487257.042465 21.503507 -1.679371 0.224807 0.016522 0.010605 -0.066273 0.997608
1755487257.064132 21.523195 -1.685665 0.229131 0.016125 0.011695 -0.063226 0.997800
1755487257.142899 21.594841 -1.706677 0.238973 0.013003 0.011236 -0.059843 0.998060
1755487257.164775 21.599006 -1.707593 0.240697 0.013099 0.011872 -0.059511 0.998071
1755487257.242273 21.673565 -1.726332 0.251218 0.010727 0.017724 -0.056814 0.998170
1755487257.261482 21.692156 -1.730819 0.253171 0.010549 0.020076 -0.055982 0.998174
1755487257.342733 21.769199 -1.750226 0.253634 0.010478 0.024002 -0.053051 0.998248
1755487257.361935 21.773609 -1.751101 0.254113 0.010514 0.024551 -0.053189 0.998227
1755487257.443332 21.850760 -1.767588 0.246458 0.008610 0.028166 -0.054421 0.998084
1755487257.462884 21.858643 -1.768627 0.245956 0.008378 0.028719 -0.054748 0.998052
1755487257.543144 21.936540 -1.778605 0.237658 0.004241 0.028462 -0.055453 0.998047
1755487257.561445 21.936699 -1.778250 0.237207 0.004259 0.028470 -0.055541 0.998041
1755487257.642733 22.013552 -1.782668 0.234022 -0.002452 0.020942 -0.059358 0.998014
1755487257.661999 22.031014 -1.783437 0.234845 -0.003767 0.018502 -0.059455 0.998052
1755487257.742688 22.103048 -1.788598 0.246085 -0.006475 0.008958 -0.060589 0.998102
1755487257.762462 22.120226 -1.790520 0.248050 -0.006623 0.007968 -0.063259 0.997943
1755487257.844835 22.194281 -1.802020 0.257352 -0.007261 0.004383 -0.070145 0.997501
1755487257.862461 22.200126 -1.803111 0.258563 -0.006824 0.004906 -0.070756 0.997458
1755487257.944125 22.278907 -1.822828 0.265896 -0.000466 0.007594 -0.070621 0.997474
1755487257.962258 22.282825 -1.823273 0.266875 -0.000154 0.008048 -0.070614 0.997471
1755487258.042889 22.361886 -1.842260 0.263203 0.004642 0.012099 -0.066093 0.997729
1755487258.063003 22.381664 -1.846889 0.260788 0.005221 0.013663 -0.065963 0.997715
1755487258.142771 22.462238 -1.867281 0.249554 0.009140 0.015598 -0.060668 0.997994
1755487258.162724 22.482585 -1.872797 0.247145 0.010291 0.016526 -0.058164 0.998117
1755487258.244070 22.566762 -1.897236 0.239593 0.015708 0.014331 -0.041827 0.998899
1755487258.262707 22.585306 -1.901949 0.239167 0.016543 0.013323 -0.037790 0.999060
1755487258.342655 22.665014 -1.920578 0.245741 0.017605 0.007036 -0.032250 0.999300
1755487258.361784 22.682709 -1.923708 0.249494 0.017238 0.006234 -0.031793 0.999326
1755487258.443594 22.764691 -1.934050 0.265489 0.013470 0.004076 -0.025566 0.999574
1755487258.461635 22.782510 -1.935374 0.267498 0.012979 0.004516 -0.023387 0.999632
1755487258.543190 22.865680 -1.942909 0.277609 0.010956 0.007483 -0.015570 0.999791
1755487258.562354 22.869949 -1.942813 0.278100 0.010886 0.007821 -0.015487 0.999790
1755487258.664439 22.976977 -1.952541 0.280995 0.009922 0.016189 -0.013741 0.999725
1755487258.743310 23.061059 -1.959564 0.273123 0.009079 0.020103 -0.014134 0.999657
1755487258.764009 23.083705 -1.959778 0.270677 0.008603 0.021775 -0.014939 0.999614
1755487258.843738 23.169871 -1.962061 0.260302 0.006853 0.023497 -0.015684 0.999577
1755487258.863009 23.178175 -1.961740 0.259812 0.006656 0.023891 -0.015837 0.999567
1755487258.943272 23.261227 -1.960299 0.251393 0.004040 0.019344 -0.016128 0.999675
1755487258.961984 23.265355 -1.959811 0.251143 0.003938 0.019020 -0.016137 0.999681
1755487259.043551 23.347533 -1.959300 0.257857 0.002820 0.010093 -0.012019 0.999873
1755487259.062323 23.355222 -1.959230 0.259510 0.003050 0.010209 -0.012510 0.999865
1755487259.143956 23.436154 -1.962859 0.269019 0.003293 0.007001 -0.020005 0.999770
1755487259.162279 23.455053 -1.964573 0.270849 0.003448 0.008153 -0.022756 0.999702
1755487259.245105 23.541052 -1.978021 0.278503 0.006909 0.010716 -0.026510 0.999567
1755487259.262466 23.548367 -1.979090 0.278519 0.007358 0.011402 -0.026645 0.999553
1755487259.343203 23.633784 -1.995257 0.277828 0.011537 0.016833 -0.024339 0.999495
1755487259.362428 23.654674 -1.999044 0.275966 0.012103 0.018950 -0.024277 0.999452
1755487259.443685 23.740036 -2.016902 0.268710 0.013772 0.022230 -0.020384 0.999450
1755487259.462768 23.760898 -2.021358 0.267185 0.014190 0.023794 -0.019302 0.999430
1755487259.542818 23.842278 -2.041335 0.260739 0.015320 0.023938 -0.011242 0.999533
1755487259.561735 23.847293 -2.042375 0.260288 0.015420 0.024134 -0.010765 0.999532
1755487259.643948 23.923965 -2.060894 0.257615 0.011602 0.016193 -0.005384 0.999787
1755487259.662846 23.941473 -2.064331 0.259115 0.010379 0.015456 -0.007902 0.999795
1755487259.743638 24.012285 -2.076742 0.271641 0.003988 0.008372 -0.007538 0.999929
1755487259.762577 24.029188 -2.078890 0.274963 0.002647 0.008361 -0.007313 0.999935
1755487259.843756 24.099099 -2.086438 0.285987 -0.001384 0.004932 0.003898 0.999979
1755487259.863091 24.116819 -2.087459 0.289980 -0.002261 0.006185 0.004123 0.999970
1755487259.943655 24.191548 -2.093361 0.299716 -0.005281 0.009191 0.008385 0.999909
1755487259.962840 24.195290 -2.093497 0.301089 -0.005286 0.009628 0.008539 0.999903
1755487260.045130 24.273898 -2.100459 0.301588 -0.005335 0.015926 0.012919 0.999775
1755487260.064649 24.280829 -2.100833 0.302111 -0.005194 0.016804 0.012864 0.999763
1755487260.145472 24.360253 -2.106401 0.294563 -0.004466 0.022787 0.014570 0.999624
1755487260.164278 24.362567 -2.106188 0.295185 -0.004418 0.023048 0.014540 0.999619
1755487260.244604 24.442252 -2.104676 0.287766 -0.005066 0.027360 0.015913 0.999486
1755487260.264043 24.460804 -2.103047 0.286465 -0.005522 0.027573 0.015920 0.999478
1755487260.344990 24.537545 -2.091747 0.279179 -0.008008 0.023080 0.017188 0.999554
1755487260.365532 24.540026 -2.091099 0.279213 -0.008068 0.022873 0.017284 0.999556
1755487260.443856 24.613500 -2.078520 0.279600 -0.007920 0.014544 0.026269 0.999518
1755487260.463334 24.631969 -2.075677 0.280486 -0.007357 0.013867 0.025623 0.999548
1755487260.543427 24.708734 -2.063261 0.280554 -0.007297 0.011550 0.026469 0.999556
1755487260.563117 24.712867 -2.062614 0.281153 -0.007203 0.011701 0.026363 0.999558
1755487260.642999 24.796033 -2.054939 0.287485 -0.004211 0.016043 0.024673 0.999558
1755487260.662419 24.816569 -2.053259 0.288810 -0.003260 0.018043 0.024194 0.999539
1755487260.743576 24.900806 -2.046960 0.285139 0.000074 0.020662 0.029674 0.999346
1755487260.762989 24.905096 -2.046442 0.285765 0.000188 0.020934 0.029898 0.999334
1755487260.843400 24.987801 -2.042386 0.270462 0.004456 0.022254 0.036877 0.999062
1755487260.862928 25.008732 -2.041574 0.267075 0.005492 0.022966 0.038133 0.998994
1755487260.943949 25.095928 -2.039351 0.253673 0.009647 0.021258 0.046366 0.998652
1755487260.962519 25.099729 -2.039098 0.254049 0.009755 0.021263 0.046614 0.998639
1755487261.043250 25.190102 -2.033732 0.253000 0.013118 0.017871 0.047385 0.998631
1755487261.063853 25.213574 -2.030909 0.255903 0.013256 0.017604 0.051170 0.998447
1755487261.144197 25.302340 -2.016428 0.263928 0.010221 0.019186 0.053210 0.998347
1755487261.163783 25.306207 -2.015488 0.264969 0.009972 0.019279 0.053491 0.998332
1755487261.244600 25.394498 -1.995530 0.272089 0.005638 0.025055 0.057026 0.998042
1755487261.263454 25.402616 -1.993639 0.273771 0.005539 0.026109 0.057134 0.998010
1755487261.342984 25.491172 -1.977502 0.274856 0.005096 0.032677 0.061270 0.997573
1755487261.363111 25.496803 -1.976842 0.275611 0.005109 0.033189 0.061376 0.997550
1755487261.444597 25.588977 -1.959285 0.267216 0.004775 0.038644 0.059975 0.997440
1755487261.462858 25.596607 -1.957422 0.267148 0.004695 0.039313 0.059483 0.997444
1755487261.544727 25.688014 -1.933340 0.254552 0.001936 0.040228 0.055658 0.997637
1755487261.563406 25.691075 -1.932009 0.254771 0.001877 0.040295 0.055510 0.997643
1755487261.643852 25.779974 -1.907627 0.251238 0.003410 0.034348 0.063652 0.997375
1755487261.663284 25.779478 -1.907479 0.251207 0.003452 0.034361 0.063710 0.997371
1755487261.743939 25.868313 -1.884875 0.260818 0.005848 0.027251 0.059141 0.997860
1755487261.762948 25.886989 -1.879576 0.263146 0.005384 0.027084 0.055958 0.998051
1755487261.843671 25.974332 -1.862031 0.271188 0.003500 0.025002 0.040837 0.998847
1755487261.862972 25.982591 -1.860418 0.272794 0.003539 0.025532 0.039443 0.998889
1755487261.943094 26.073831 -1.852143 0.275234 0.003512 0.028918 0.024551 0.999274
1755487261.964511 26.079581 -1.851405 0.275801 0.003678 0.029411 0.023883 0.999275
1755487262.043261 26.171865 -1.851443 0.268817 0.005013 0.034207 0.015440 0.999283
1755487262.063040 26.196743 -1.852481 0.266265 0.005346 0.035809 0.014812 0.999235
1755487262.144453 26.290727 -1.863485 0.255239 0.007608 0.036012 0.010934 0.999263
1755487262.163213 26.294015 -1.864053 0.255465 0.007713 0.036094 0.010928 0.999259
1755487262.244061 26.381459 -1.879592 0.250391 0.010091 0.027109 0.017813 0.999423
1755487262.263070 26.401237 -1.882409 0.252214 0.010518 0.025588 0.018347 0.999449
1755487262.343920 26.485970 -1.894844 0.263638 0.010098 0.020613 0.019673 0.999543
1755487262.362410 26.490331 -1.895527 0.264737 0.010198 0.020530 0.020035 0.999536
1755487262.443337 26.574217 -1.903226 0.275017 0.010265 0.018460 0.031667 0.999275
1755487262.462275 26.594505 -1.904134 0.278400 0.010284 0.019694 0.033318 0.999198
1755487262.544032 26.683344 -1.910959 0.286174 0.010637 0.022299 0.037801 0.998980
1755487262.562917 26.703489 -1.911981 0.286866 0.010913 0.023723 0.038886 0.998902
1755487262.643726 26.788446 -1.916292 0.280403 0.010949 0.025302 0.038248 0.998888
1755487262.663478 26.802156 -1.915261 0.279050 0.010625 0.026208 0.036345 0.998939
1755487262.743605 26.881693 -1.910601 0.267042 0.006381 0.025786 0.029788 0.999203
1755487262.762549 26.899915 -1.908348 0.265133 0.005330 0.026238 0.028084 0.999247
1755487262.843637 26.976322 -1.897219 0.256352 0.001143 0.020534 0.023535 0.999511
1755487262.862918 26.982793 -1.895090 0.256543 0.000862 0.019872 0.023123 0.999535
1755487262.946048 27.057854 -1.882265 0.260924 -0.002117 0.009049 0.025314 0.999636
1755487262.964282 27.058363 -1.881498 0.262176 -0.002097 0.008969 0.025094 0.999643
1755487263.044608 27.136880 -1.871986 0.271201 -0.004019 0.003423 0.012662 0.999906
1755487263.063323 27.143400 -1.870890 0.272751 -0.004006 0.003469 0.011612 0.999919
1755487263.144763 27.223770 -1.869342 0.282093 -0.000923 0.005669 0.004043 0.999975
1755487263.163073 27.241752 -1.869797 0.284283 0.000465 0.007493 0.002062 0.999970
1755487263.243951 27.322381 -1.872986 0.283696 0.004509 0.010930 0.001326 0.999929
1755487263.263342 27.341202 -1.873617 0.282650 0.005242 0.012762 0.000148 0.999905
1755487263.345718 27.422573 -1.880281 0.270395 0.008000 0.015934 -0.001586 0.999840
1755487263.365278 27.423486 -1.880359 0.271423 0.008130 0.016123 -0.001543 0.999836
1755487263.445117 27.505208 -1.890915 0.260490 0.012238 0.018607 -0.001122 0.999751
1755487263.465209 27.511899 -1.891994 0.260712 0.012591 0.018880 -0.000862 0.999742
1755487263.543285 27.592054 -1.902965 0.260381 0.015857 0.015842 -0.000253 0.999749
1755487263.563752 27.597794 -1.903930 0.261810 0.015973 0.015833 -0.000315 0.999747
1755487263.643698 27.679655 -1.908831 0.273576 0.014678 0.013160 0.000257 0.999806
1755487263.663908 27.700329 -1.908341 0.275898 0.013762 0.013976 -0.001133 0.999807
1755487263.744689 27.781054 -1.903846 0.280786 0.008255 0.013512 0.000684 0.999874
1755487263.762962 27.784972 -1.903683 0.282837 0.008033 0.013919 0.000671 0.999871
1755487263.845420 27.869988 -1.899087 0.287333 0.003838 0.018005 -0.000535 0.999830
1755487263.865937 27.876822 -1.898933 0.288899 0.003721 0.018750 -0.000482 0.999817
1755487263.944705 27.956583 -1.893379 0.285060 0.000687 0.019461 -0.001155 0.999810
1755487263.963568 27.960596 -1.892903 0.286559 0.000602 0.019679 -0.001360 0.999805
1755487264.043994 28.042436 -1.882960 0.278426 -0.003913 0.017580 -0.005663 0.999822
1755487264.063254 28.046095 -1.882772 0.279106 -0.003933 0.017596 -0.005772 0.999821
1755487264.143916 28.127623 -1.870770 0.271113 -0.005178 0.008652 -0.001820 0.999948
1755487264.163376 28.134333 -1.870002 0.271378 -0.005070 0.008212 -0.001549 0.999952
1755487264.244432 28.218000 -1.858488 0.277788 -0.003192 -0.001261 0.009247 0.999951
1755487264.263408 28.228155 -1.857670 0.279482 -0.003052 -0.001511 0.008524 0.999958
1755487264.344055 28.313448 -1.847801 0.288989 -0.005070 -0.004952 -0.003875 0.999967
1755487264.362873 28.317215 -1.847352 0.290864 -0.005166 -0.004708 -0.004476 0.999966
1755487264.444266 28.408791 -1.845819 0.298794 -0.004396 0.000693 -0.015826 0.999865
1755487264.463276 28.417974 -1.846266 0.300014 -0.003966 0.002094 -0.016623 0.999852
1755487264.545350 28.513342 -1.853866 0.297221 -0.000655 0.008884 -0.021190 0.999736
1755487264.563818 28.527556 -1.856039 0.296250 -0.000124 0.010872 -0.021351 0.999713
1755487264.644409 28.623244 -1.871393 0.284648 0.003490 0.016745 -0.023192 0.999585
1755487264.662791 28.631612 -1.874045 0.284158 0.003860 0.017431 -0.022777 0.999581
1755487264.763945 28.750729 -1.897893 0.273154 0.008228 0.020548 -0.014424 0.999651
1755487264.844161 28.838982 -1.920777 0.273080 0.008595 0.014826 -0.015539 0.999732
1755487264.863142 28.859484 -1.925105 0.275882 0.007921 0.013712 -0.015612 0.999753
1755487264.943898 28.945171 -1.942830 0.287554 0.004965 0.011624 -0.014363 0.999817
1755487264.963517 28.949583 -1.944114 0.289370 0.004925 0.011823 -0.013861 0.999822
1755487265.043761 29.037119 -1.956802 0.299838 0.002380 0.014464 -0.005341 0.999878
1755487265.063251 29.058771 -1.959409 0.302616 0.001918 0.016618 -0.004750 0.999849
1755487265.144263 29.150164 -1.970939 0.304625 0.000900 0.021722 -0.002721 0.999760
1755487265.164822 29.153977 -1.971099 0.305810 0.000924 0.022241 -0.002717 0.999749
1755487265.244076 29.244085 -1.980459 0.298473 0.000038 0.027300 -0.005006 0.999615
1755487265.263381 29.265195 -1.982064 0.296778 -0.000325 0.028654 -0.006425 0.999569
1755487265.344779 29.354778 -1.985005 0.287365 -0.002294 0.029561 -0.010967 0.999500
1755487265.363803 29.374384 -1.984984 0.285858 -0.002723 0.029664 -0.012648 0.999476
1755487265.445064 29.455937 -1.982656 0.278982 -0.004288 0.022994 -0.016431 0.999591
1755487265.463919 29.462000 -1.982169 0.279570 -0.004395 0.022347 -0.016635 0.999602
1755487265.544433 29.539218 -1.980540 0.284411 -0.004007 0.013933 -0.014963 0.999783
1755487265.562811 29.552021 -1.980547 0.286295 -0.003625 0.013869 -0.017226 0.999749
1755487265.645284 29.628849 -1.983329 0.292258 -0.003463 0.011072 -0.025721 0.999602
1755487265.663651 29.645285 -1.984892 0.294981 -0.002627 0.012214 -0.027161 0.999553
1755487265.744783 29.723137 -1.997135 0.302149 0.001978 0.014378 -0.030865 0.999418
1755487265.764797 29.741536 -2.000370 0.303881 0.003275 0.016291 -0.030780 0.999388
1755487265.844542 29.815930 -2.012610 0.300498 0.006483 0.018590 -0.027941 0.999416
1755487265.863801 29.833715 -2.015471 0.299398 0.007229 0.020110 -0.026776 0.999413
1755487265.944982 29.914602 -2.032315 0.288241 0.010992 0.023147 -0.020097 0.999470
1755487265.964361 29.914495 -2.032765 0.290176 0.011032 0.023293 -0.020050 0.999467
1755487266.044233 29.997788 -2.053188 0.278496 0.015428 0.027206 -0.007794 0.999480
1755487266.063515 30.017634 -2.057953 0.276995 0.015714 0.027981 -0.005736 0.999468
1755487266.145096 30.099248 -2.075816 0.274742 0.013403 0.026417 -0.007711 0.999531
1755487266.163331 30.099257 -2.075696 0.275770 0.013354 0.026478 -0.007755 0.999530
1755487266.244390 30.175568 -2.091297 0.285060 0.008053 0.022120 -0.007197 0.999697
1755487266.263209 30.192509 -2.094620 0.287726 0.007369 0.022569 -0.006995 0.999694
1755487266.344517 30.264856 -2.108592 0.297635 0.004825 0.021337 -0.005737 0.999744
1755487266.363576 30.267457 -2.109079 0.299895 0.004746 0.021632 -0.005758 0.999738
1755487266.443943 30.342594 -2.122297 0.310342 0.004072 0.025551 -0.002934 0.999661
1755487266.463187 30.361214 -2.125314 0.312129 0.004120 0.027496 -0.002692 0.999610
1755487266.544255 30.437707 -2.136002 0.311367 0.003308 0.030016 -0.003836 0.999537
1755487266.563860 30.456519 -2.138097 0.310277 0.002898 0.031744 -0.004950 0.999480
1755487266.644637 30.535471 -2.144239 0.301572 0.000846 0.033526 -0.009469 0.999393
1755487266.664383 30.554935 -2.145317 0.299722 0.000324 0.034932 -0.010322 0.999336
1755487266.744327 30.632113 -2.147518 0.292624 -0.001175 0.032842 -0.009871 0.999411
1755487266.763184 30.635420 -2.147484 0.293693 -0.001200 0.032870 -0.009909 0.999410
1755487266.845229 30.711964 -2.148068 0.296197 -0.002896 0.023686 -0.005460 0.999700
1755487266.866245 30.718647 -2.147969 0.298164 -0.002822 0.023611 -0.005439 0.999702
1755487266.946324 30.791609 -2.149762 0.308001 -0.002579 0.017128 -0.006965 0.999826
1755487266.964732 30.793671 -2.149645 0.309864 -0.002594 0.017226 -0.007149 0.999823
1755487267.044712 30.869351 -2.156001 0.317167 -0.001779 0.017221 -0.012841 0.999768
1755487267.064237 30.877914 -2.157147 0.318679 -0.001370 0.018129 -0.013054 0.999749
1755487267.146909 30.961491 -2.169818 0.322607 0.001931 0.022119 -0.012897 0.999670
1755487267.165442 30.963810 -2.170430 0.323904 0.002000 0.022296 -0.012820 0.999667
1755487267.244408 31.045411 -2.184692 0.320562 0.004519 0.026569 -0.010617 0.999580
1755487267.263513 31.055038 -2.186763 0.320232 0.004836 0.027153 -0.009886 0.999571
1755487267.344372 31.140219 -2.206193 0.313801 0.006850 0.029064 -0.003782 0.999547
1755487267.364048 31.162080 -2.211300 0.312414 0.007287 0.029457 -0.001590 0.999538
1755487267.444534 31.242874 -2.232486 0.307683 0.006895 0.025150 0.006394 0.999639
1755487267.466170 31.250677 -2.234735 0.307910 0.006628 0.024665 0.006787 0.999651
1755487267.547147 31.327811 -2.251313 0.313215 0.002116 0.015697 0.008528 0.999838
1755487267.564356 31.329893 -2.251936 0.314622 0.002057 0.015694 0.008771 0.999836
1755487267.646115 31.405625 -2.261964 0.323721 -0.005739 0.009390 0.013137 0.999853
1755487267.664381 31.411099 -2.262910 0.325769 -0.005868 0.009730 0.013756 0.999841
1755487267.745540 31.490972 -2.271624 0.336028 -0.008637 0.011198 0.021400 0.999671
1755487267.764796 31.510392 -2.273987 0.338579 -0.008772 0.012862 0.022977 0.999615
1755487267.846067 31.592421 -2.281767 0.340009 -0.008717 0.015692 0.029595 0.999401
1755487267.864383 31.610586 -2.283407 0.339733 -0.008476 0.017242 0.029589 0.999377
1755487267.945791 31.692627 -2.288658 0.331737 -0.008158 0.019251 0.030178 0.999326
1755487267.964505 31.710388 -2.289494 0.330412 -0.008009 0.020543 0.029263 0.999329
1755487268.044410 31.790208 -2.289416 0.320322 -0.008591 0.020317 0.024932 0.999446
1755487268.064241 31.807992 -2.288846 0.319077 -0.008600 0.020752 0.023260 0.999477
1755487268.145538 31.883797 -2.284463 0.310581 -0.009196 0.014254 0.017545 0.999702
1755487268.164237 31.898380 -2.283549 0.310390 -0.009013 0.012166 0.016263 0.999753
1755487268.245323 31.969444 -2.282769 0.315219 -0.005829 0.004366 0.021372 0.999745
1755487268.265076 31.984636 -2.282914 0.318269 -0.004591 0.003738 0.018854 0.999805
1755487268.344387 32.052146 -2.284332 0.323736 -0.002489 0.000659 0.009239 0.999954
1755487268.363891 32.050266 -2.283964 0.325311 -0.002551 0.000760 0.009164 0.999954
1755487268.444689 32.124671 -2.289916 0.331546 0.004045 0.005430 0.003503 0.999971
1755487268.464232 32.140674 -2.291815 0.333338 0.005689 0.008076 0.003851 0.999944
1755487268.545151 32.217306 -2.297359 0.331066 0.009337 0.014259 0.003081 0.999850
1755487268.564069 32.216259 -2.297428 0.332867 0.009291 0.014398 0.003036 0.999849
1755487268.645760 32.295337 -2.301655 0.325612 0.011506 0.023005 0.005066 0.999656
1755487268.664554 32.300596 -2.301935 0.325782 0.011740 0.023930 0.005454 0.999630
1755487268.746180 32.379873 -2.304418 0.317840 0.011947 0.029571 0.010981 0.999431
1755487268.765044 32.380733 -2.304888 0.318814 0.012022 0.029688 0.011057 0.999426
1755487268.846155 32.457482 -2.306612 0.313241 0.010470 0.027973 0.019620 0.999361
1755487268.865003 32.475540 -2.307415 0.313025 0.010456 0.026779 0.022186 0.999340
1755487268.945025 32.548317 -2.308716 0.320144 0.009416 0.019593 0.026623 0.999409
1755487268.964468 32.552983 -2.308792 0.321603 0.009370 0.019608 0.026939 0.999401
1755487269.044793 32.625773 -2.304172 0.331288 0.005654 0.016063 0.037411 0.999155
1755487269.064018 32.643882 -2.302936 0.333242 0.004992 0.016629 0.039561 0.999066
1755487269.145191 32.721351 -2.295716 0.340302 0.001347 0.018817 0.044003 0.998853
1755487269.164929 32.725196 -2.295365 0.341456 0.001252 0.019164 0.044076 0.998844
1755487269.244852 32.803096 -2.288043 0.342964 -0.002000 0.023544 0.044687 0.998722
1755487269.264307 32.811194 -2.287349 0.343046 -0.002122 0.024196 0.044253 0.998725
1755487269.345845 32.891781 -2.280211 0.337295 -0.005036 0.026413 0.039387 0.998862
1755487269.365512 32.895415 -2.279857 0.337223 -0.005051 0.026538 0.039205 0.998866
1755487269.445671 32.976295 -2.270877 0.328905 -0.007260 0.026738 0.033377 0.999059
1755487269.466054 32.985344 -2.270005 0.327744 -0.007232 0.026704 0.033030 0.999071
1755487269.544856 33.063711 -2.258094 0.321890 -0.008397 0.020399 0.029927 0.999309
1755487269.565561 33.067371 -2.257542 0.321277 -0.008330 0.020018 0.029841 0.999319
1755487269.645083 33.143561 -2.245431 0.327015 -0.008088 0.009011 0.031273 0.999438
1755487269.664953 33.151515 -2.244521 0.328175 -0.007645 0.008857 0.030790 0.999457
1755487269.745786 33.230740 -2.236626 0.333758 -0.006224 0.002707 0.022895 0.999715
1755487269.765424 33.233893 -2.236686 0.335465 -0.006163 0.002892 0.022628 0.999721
1755487269.845230 33.318674 -2.233777 0.339716 -0.004322 0.005042 0.013120 0.999892
1755487269.865136 33.326711 -2.233942 0.340888 -0.004024 0.006004 0.012743 0.999893
1755487269.944923 33.416555 -2.233877 0.339177 -0.001644 0.011174 0.010761 0.999878
1755487269.964236 33.421374 -2.234558 0.340281 -0.001497 0.011741 0.010890 0.999871
1755487270.045887 33.517626 -2.239054 0.331159 0.000501 0.018427 0.013291 0.999742
1755487270.064605 33.540346 -2.240594 0.328998 0.001331 0.020250 0.015173 0.999679
1755487270.146094 33.638958 -2.250987 0.316704 0.004116 0.024789 0.019121 0.999501
1755487270.164815 33.641628 -2.251545 0.316566 0.004194 0.024910 0.019260 0.999495
1755487270.264986 33.764192 -2.263442 0.310588 0.007071 0.025967 0.029437 0.999204
1755487270.344671 33.857624 -2.275554 0.316213 0.007523 0.023291 0.029843 0.999255
1755487270.363998 33.878789 -2.276969 0.319836 0.007019 0.022703 0.031220 0.999230
1755487270.445645 33.970049 -2.283347 0.327907 0.004865 0.022487 0.035166 0.999117
1755487270.464438 33.976170 -2.283555 0.329657 0.004819 0.022879 0.036175 0.999072
1755487270.545328 34.067722 -2.286323 0.334928 0.003351 0.027844 0.041621 0.998740
1755487270.564284 34.087969 -2.286402 0.336697 0.003130 0.030116 0.042684 0.998630
1755487270.645944 34.180981 -2.287797 0.335604 0.002825 0.036300 0.045123 0.998318
1755487270.664280 34.199624 -2.287542 0.335004 0.002671 0.038139 0.045046 0.998253
1755487270.745553 34.287276 -2.285293 0.324822 0.001431 0.040908 0.041441 0.998302
1755487270.764209 34.304652 -2.284120 0.322764 0.001105 0.041863 0.040060 0.998319
1755487270.846132 34.388032 -2.276386 0.311493 -0.001236 0.040617 0.033702 0.998605
1755487270.864685 34.404494 -2.274011 0.310193 -0.001631 0.040268 0.032511 0.998659
1755487270.945659 34.481013 -2.264193 0.307377 -0.002435 0.031812 0.031245 0.999002
1755487270.965229 34.478521 -2.264194 0.306504 -0.002436 0.031732 0.031294 0.999003
1755487271.045420 34.554481 -2.256235 0.315374 0.000177 0.023924 0.032613 0.999182
1755487271.064367 34.560201 -2.255433 0.317328 0.000164 0.024142 0.031759 0.999204
1755487271.145544 34.637379 -2.251634 0.324873 0.000173 0.022121 0.016952 0.999612
1755487271.165746 34.639710 -2.251739 0.327114 0.000263 0.022477 0.016571 0.999610
1755487271.246089 34.722441 -2.256286 0.331256 0.004196 0.026752 0.007045 0.999608
1755487271.264240 34.723195 -2.256191 0.333386 0.004173 0.026928 0.006977 0.999604
1755487271.345556 34.811281 -2.265455 0.329929 0.007847 0.032340 0.001018 0.999446
1755487271.364663 34.815961 -2.266592 0.330811 0.008030 0.032813 0.001026 0.999429
1755487271.445636 34.904347 -2.282479 0.321935 0.011685 0.034939 -0.003058 0.999316
1755487271.465038 34.926012 -2.286652 0.319408 0.011991 0.034826 -0.002182 0.999319
1755487271.546258 35.007892 -2.304038 0.312628 0.012298 0.028339 -0.000354 0.999523
1755487271.565703 35.028357 -2.307120 0.313150 0.010866 0.026815 -0.002891 0.999577
1755487271.646308 35.108260 -2.319370 0.322540 0.006895 0.021016 -0.007597 0.999726
1755487271.665155 35.127303 -2.321941 0.324841 0.006304 0.020604 -0.006791 0.999745
1755487271.745853 35.204103 -2.328936 0.332324 0.004009 0.016626 -0.001832 0.999852
1755487271.764601 35.222799 -2.329708 0.335364 0.002955 0.017159 -0.001448 0.999847
1755487271.846250 35.302668 -2.331494 0.347609 -0.000039 0.017606 -0.000578 0.999845
1755487271.864690 35.308759 -2.332038 0.348726 -0.000255 0.017915 -0.000399 0.999839
1755487271.945556 35.388803 -2.333141 0.349440 -0.002101 0.018318 -0.002242 0.999827
1755487271.964840 35.408581 -2.333761 0.348183 -0.002635 0.019070 -0.003553 0.999808
1755487272.046096 35.492722 -2.333187 0.337746 -0.004527 0.019310 -0.013882 0.999707
1755487272.065258 35.499414 -2.333145 0.337115 -0.004679 0.019494 -0.014617 0.999692
1755487272.145110 35.585210 -2.328717 0.326856 -0.006376 0.016243 -0.021476 0.999617
1755487272.164279 35.605398 -2.327301 0.325622 -0.006663 0.014814 -0.022015 0.999626
1755487272.245447 35.691370 -2.318430 0.331827 -0.006158 0.007961 -0.017495 0.999796
1755487272.264859 35.712106 -2.316903 0.335537 -0.005913 0.007309 -0.020049 0.999755
1755487272.345625 35.798498 -2.309663 0.344531 -0.006146 0.005776 -0.030711 0.999493
1755487272.365141 35.802405 -2.309870 0.346240 -0.006158 0.006057 -0.031140 0.999478
1755487272.445422 35.892824 -2.310617 0.351464 -0.002349 0.011116 -0.037853 0.999219
1755487272.464805 35.901217 -2.311406 0.352487 -0.001967 0.012130 -0.038147 0.999197
1755487272.546272 35.997193 -2.316825 0.349157 0.003557 0.019713 -0.036872 0.999119
1755487272.565288 36.019957 -2.318583 0.347289 0.004269 0.021956 -0.035567 0.999117
1755487272.645756 36.116638 -2.326010 0.334633 0.008665 0.027537 -0.031773 0.999078
1755487272.664569 36.138980 -2.328283 0.331366 0.009372 0.028701 -0.030130 0.999090
1755487272.745826 36.234895 -2.337631 0.317885 0.012856 0.029735 -0.024621 0.999172
1755487272.764407 36.256733 -2.340000 0.315763 0.013186 0.029791 -0.022081 0.999225
1755487272.845588 36.351058 -2.346563 0.313648 0.015312 0.023531 -0.015971 0.999478
1755487272.865285 36.373540 -2.346970 0.316650 0.014458 0.023067 -0.016888 0.999487
1755487272.945254 36.462245 -2.344117 0.327688 0.010077 0.020853 -0.016395 0.999597
1755487272.964971 36.482746 -2.342579 0.329509 0.008496 0.020409 -0.015464 0.999636
1755487273.046238 36.569300 -2.336469 0.338410 0.004060 0.020558 -0.011040 0.999719
1755487273.065106 36.589151 -2.335518 0.340923 0.003097 0.022046 -0.010955 0.999692
1755487273.145808 36.676358 -2.331421 0.347407 0.000808 0.024866 -0.009638 0.999644
1755487273.165006 36.696501 -2.330809 0.347682 0.000254 0.026428 -0.008840 0.999612
1755487273.245553 36.779933 -2.327257 0.342728 -0.001221 0.027279 -0.009810 0.999579
1755487273.264900 36.799192 -2.326464 0.340890 -0.001823 0.028164 -0.010637 0.999545
1755487273.345910 36.885647 -2.320744 0.328717 -0.003292 0.026586 -0.014830 0.999531
1755487273.365175 36.905649 -2.319308 0.326598 -0.003746 0.026672 -0.015494 0.999517
1755487273.446290 36.989448 -2.310624 0.318184 -0.004333 0.018919 -0.017719 0.999655
1755487273.464760 36.995121 -2.310407 0.319280 -0.004350 0.018519 -0.017273 0.999670
1755487273.546877 37.078063 -2.302393 0.327252 -0.003164 0.011093 -0.015037 0.999820
1755487273.565187 37.096266 -2.301458 0.329559 -0.002940 0.010978 -0.017062 0.999790
1755487273.665823 37.203405 -2.299440 0.338943 -0.003116 0.013575 -0.030784 0.999429
1755487273.746000 37.289382 -2.305887 0.345946 0.000252 0.018865 -0.037364 0.999124
1755487273.765611 37.309508 -2.308090 0.346993 0.000930 0.021684 -0.037905 0.999046
1755487273.845887 37.394329 -2.316866 0.341498 0.003407 0.027477 -0.038560 0.998873
1755487273.865301 37.399962 -2.318015 0.342522 0.003547 0.028600 -0.038489 0.998843
1755487273.947822 37.489446 -2.332048 0.331203 0.007347 0.034411 -0.036832 0.998702
1755487273.967188 37.490330 -2.332830 0.332411 0.007382 0.034591 -0.036722 0.998699
1755487274.048361 37.573918 -2.351175 0.322132 0.012217 0.034284 -0.029954 0.998888
1755487274.068708 37.578339 -2.352891 0.321814 0.012413 0.034043 -0.028999 0.998922
1755487274.146785 37.651880 -2.369021 0.322534 0.014462 0.024125 -0.026039 0.999265
1755487274.164976 37.668231 -2.372303 0.324621 0.014136 0.022642 -0.023168 0.999375
1755487274.246340 37.740996 -2.382793 0.335262 0.012508 0.016111 -0.017870 0.999632
1755487274.266414 37.758049 -2.384733 0.338152 0.011670 0.015337 -0.014616 0.999707
1755487274.346709 37.830437 -2.389744 0.351592 0.010215 0.013133 -0.007563 0.999833
1755487274.365321 37.833019 -2.390152 0.354101 0.010159 0.013457 -0.007409 0.999830
1755487274.445963 37.908012 -2.393143 0.362162 0.007886 0.013886 -0.004791 0.999861
1755487274.464700 37.925158 -2.393734 0.362681 0.007037 0.014847 -0.005642 0.999849
1755487274.547164 38.002692 -2.393490 0.359025 0.004507 0.015130 -0.011686 0.999807
1755487274.566582 38.004166 -2.393309 0.360358 0.004355 0.015322 -0.011964 0.999802
1755487274.647296 38.083756 -2.390213 0.352301 0.001397 0.014843 -0.019822 0.999692
1755487274.665894 38.088965 -2.389788 0.352410 0.001224 0.014970 -0.020435 0.999678
1755487274.746545 38.171488 -2.384356 0.344359 0.000645 0.009703 -0.025294 0.999633
1755487274.765325 38.174388 -2.384105 0.344333 0.000545 0.009435 -0.025451 0.999631
1755487274.847069 38.257933 -2.377719 0.346699 0.001898 0.001595 -0.023459 0.999722
1755487274.866134 38.263711 -2.376984 0.347974 0.002025 0.001687 -0.024287 0.999702
1755487274.947601 38.349140 -2.373297 0.353534 0.003114 0.000770 -0.036803 0.999317
1755487274.964885 38.367034 -2.373391 0.355120 0.003039 0.002199 -0.039662 0.999206
1755487275.048215 38.458660 -2.375572 0.361193 0.004544 0.007058 -0.050747 0.998676
1755487275.065423 38.463321 -2.376220 0.362685 0.004608 0.007772 -0.051240 0.998646
1755487275.148824 38.554613 -2.380792 0.361379 0.005292 0.014121 -0.058452 0.998176
1755487275.165527 38.555020 -2.381100 0.362481 0.005275 0.014276 -0.058476 0.998173
1755487275.246879 38.644853 -2.389670 0.353890 0.006552 0.018761 -0.059817 0.998012
1755487275.267408 38.651829 -2.390938 0.353780 0.006776 0.019149 -0.059626 0.998014
1755487275.365521 38.755874 -2.408318 0.345912 0.010114 0.019089 -0.057418 0.998116
1755487275.446031 38.836714 -2.426791 0.341358 0.013842 0.012001 -0.052300 0.998463
1755487275.465506 38.856191 -2.430824 0.343110 0.014348 0.010261 -0.051186 0.998533
1755487275.546648 38.934428 -2.444908 0.355631 0.016102 0.003207 -0.042653 0.998955
1755487275.565640 38.933818 -2.446625 0.355371 0.016107 0.003205 -0.042384 0.998966
1755487275.646321 39.017044 -2.453994 0.366593 0.014201 -0.000518 -0.031580 0.999400
1755487275.666147 39.023779 -2.454430 0.368570 0.014053 0.000124 -0.031061 0.999419
1755487275.747263 39.109935 -2.459158 0.377668 0.011418 0.003461 -0.027095 0.999562
1755487275.765901 39.109703 -2.460023 0.378997 0.011486 0.003618 -0.026953 0.999564
1755487275.846819 39.198895 -2.465223 0.378299 0.010707 0.006503 -0.024396 0.999624
1755487275.866156 39.205929 -2.465475 0.378118 0.010403 0.006850 -0.024719 0.999617
1755487275.946624 39.295036 -2.467436 0.370345 0.008171 0.009330 -0.031236 0.999435
1755487275.965761 39.316169 -2.467771 0.368642 0.007219 0.009760 -0.032603 0.999395
1755487276.046845 39.404055 -2.466225 0.358210 0.006153 0.008850 -0.037678 0.999232
1755487276.067704 39.409582 -2.466231 0.357459 0.005953 0.008525 -0.038018 0.999223
1755487276.146766 39.493611 -2.466249 0.353465 0.006838 0.002481 -0.038442 0.999234
1755487276.165743 39.513630 -2.466348 0.354285 0.007068 0.001628 -0.038188 0.999244
1755487276.246702 39.598587 -2.466002 0.356615 0.007791 0.000735 -0.048883 0.998774
1755487276.266068 39.618676 -2.466981 0.358019 0.007802 0.001732 -0.051829 0.998624
1755487276.347115 39.705645 -2.476251 0.365252 0.011457 0.006081 -0.060849 0.998063
1755487276.366663 39.726294 -2.479749 0.367696 0.012618 0.008300 -0.062479 0.997932
1755487276.447140 39.811270 -2.494274 0.370362 0.017178 0.013526 -0.067015 0.997512
1755487276.467181 39.810989 -2.494067 0.372631 0.017305 0.013746 -0.067006 0.997508
1755487276.547249 39.892849 -2.508744 0.365418 0.020340 0.018480 -0.069877 0.997177
1755487276.565646 39.911091 -2.512426 0.363489 0.020806 0.019605 -0.069343 0.997183
1755487276.646851 39.990526 -2.530503 0.351847 0.023305 0.020164 -0.070603 0.997028
1755487276.664975 40.007668 -2.534937 0.350176 0.023637 0.020430 -0.070445 0.997026
1755487276.747444 40.084876 -2.556481 0.343948 0.027046 0.016100 -0.062406 0.997554
1755487276.765779 40.085738 -2.557548 0.344470 0.027120 0.015983 -0.061873 0.997587
1755487276.846281 40.159759 -2.574761 0.351877 0.028708 0.009771 -0.051031 0.998237
1755487276.865458 40.176749 -2.577659 0.354995 0.028052 0.009932 -0.048611 0.998374
1755487276.946502 40.246516 -2.583899 0.362032 0.023550 0.006141 -0.040311 0.998891
1755487276.965859 40.263330 -2.585090 0.364279 0.022717 0.006951 -0.036773 0.999041
1755487277.047054 40.339913 -2.588549 0.374179 0.019884 0.010469 -0.030212 0.999291
1755487277.066016 40.345313 -2.588782 0.375993 0.019754 0.011364 -0.029796 0.999296
1755487277.146358 40.423571 -2.589985 0.378298 0.016308 0.016678 -0.026402 0.999379
1755487277.165474 40.436353 -2.590369 0.378085 0.015683 0.018323 -0.026803 0.999350
1755487277.247004 40.514166 -2.589426 0.370614 0.011824 0.021337 -0.030919 0.999224
1755487277.265910 40.521135 -2.589462 0.370390 0.011492 0.021959 -0.031135 0.999208
1755487277.347131 40.599782 -2.586097 0.360862 0.007999 0.022083 -0.033984 0.999146
1755487277.365757 40.617499 -2.584854 0.359495 0.006733 0.021872 -0.034566 0.999140
1755487277.446737 40.692708 -2.576296 0.358041 0.003231 0.014475 -0.034711 0.999287
1755487277.468259 40.698502 -2.575763 0.359154 0.002943 0.014284 -0.034324 0.999304
1755487277.547571 40.775052 -2.569862 0.370986 0.001442 0.010016 -0.037575 0.999243
1755487277.565829 40.777284 -2.569678 0.372859 0.001463 0.010247 -0.037783 0.999232
1755487277.646782 40.857530 -2.568046 0.381535 -0.000056 0.011854 -0.045575 0.998891
1755487277.666455 40.864136 -2.568097 0.383079 0.000026 0.012739 -0.046165 0.998853
1755487277.746782 40.948826 -2.574482 0.387866 0.001857 0.019189 -0.052839 0.998417
1755487277.765609 40.968995 -2.576400 0.387537 0.002001 0.021475 -0.053366 0.998342
1755487277.847715 41.057789 -2.588771 0.380490 0.004098 0.026965 -0.055048 0.998111
1755487277.866394 41.064592 -2.590472 0.380130 0.004290 0.027663 -0.054740 0.998108
1755487277.947129 41.152610 -2.609771 0.367164 0.009010 0.030981 -0.052269 0.998112
1755487277.966587 41.154994 -2.611060 0.367028 0.009055 0.031075 -0.052099 0.998117
1755487278.047060 41.237393 -2.634373 0.356152 0.013138 0.027511 -0.049655 0.998301
1755487278.065469 41.255797 -2.639976 0.354939 0.013672 0.025958 -0.047063 0.998461
1755487278.146583 41.338699 -2.664283 0.358671 0.015530 0.017801 -0.044205 0.998743
1755487278.165470 41.358705 -2.669008 0.362082 0.015639 0.017017 -0.041260 0.998881
1755487278.247099 41.446943 -2.685216 0.375162 0.014821 0.016135 -0.034790 0.999154
1755487278.266235 41.453501 -2.686524 0.375855 0.014430 0.016160 -0.033844 0.999192
1755487278.347956 41.541923 -2.694127 0.386200 0.009542 0.017579 -0.028956 0.999381
1755487278.366376 41.562284 -2.695660 0.388419 0.008628 0.019204 -0.029251 0.999350
1755487278.446672 41.652369 -2.701540 0.393258 0.004909 0.022072 -0.031895 0.999235
1755487278.466517 41.674537 -2.703352 0.392908 0.004117 0.023714 -0.033057 0.999164
1755487278.546287 41.766649 -2.707234 0.386139 0.000415 0.025691 -0.040750 0.998839
1755487278.565863 41.789213 -2.708182 0.383808 -0.000630 0.027084 -0.043432 0.998689
1755487278.647525 41.885286 -2.708998 0.373792 -0.003632 0.028373 -0.050377 0.998321
1755487278.666465 41.906672 -2.709389 0.372343 -0.004229 0.028808 -0.051149 0.998266
1755487278.747528 41.995117 -2.707014 0.370150 -0.006312 0.022348 -0.051652 0.998395
1755487278.766151 42.011773 -2.706789 0.372120 -0.006753 0.021834 -0.050673 0.998454
1755487278.847097 42.097075 -2.708355 0.383614 -0.005005 0.019323 -0.053067 0.998391
1755487278.866592 42.103368 -2.708392 0.384881 -0.004995 0.019591 -0.053511 0.998363
1755487278.947748 42.190945 -2.714856 0.392958 -0.003408 0.021833 -0.061082 0.997888
1755487278.967072 42.211963 -2.717499 0.395517 -0.002537 0.023724 -0.060646 0.997874
1755487279.047403 42.298384 -2.729277 0.400885 0.001597 0.029885 -0.062321 0.997607
1755487279.066373 42.318340 -2.732127 0.400997 0.002129 0.031824 -0.061521 0.997596
1755487279.147901 42.405924 -2.744560 0.392513 0.004365 0.037656 -0.060924 0.997422
1755487279.167026 42.426260 -2.747898 0.389927 0.004763 0.039526 -0.060138 0.997396
1755487279.248184 42.513768 -2.765048 0.376937 0.008488 0.042888 -0.054261 0.997569
1755487279.267043 42.532871 -2.769254 0.374492 0.009233 0.043552 -0.052285 0.997639
1755487279.347819 42.609402 -2.787236 0.364642 0.013105 0.040307 -0.042456 0.998199
1755487279.367171 42.626108 -2.791311 0.363891 0.013650 0.038362 -0.039202 0.998401
1755487279.446705 42.692245 -2.804584 0.367827 0.013872 0.029808 -0.038239 0.998728
1755487279.467791 42.709155 -2.807085 0.370806 0.013459 0.029007 -0.035062 0.998873
1755487279.547241 42.773504 -2.812232 0.379729 0.011904 0.025909 -0.027744 0.999208
1755487279.566419 42.790216 -2.812777 0.382891 0.011410 0.026715 -0.025999 0.999240
1755487279.647643 42.861355 -2.813496 0.393972 0.009302 0.030654 -0.024303 0.999191
1755487279.666705 42.878058 -2.813751 0.396063 0.008824 0.032535 -0.024205 0.999139
1755487279.748595 42.949834 -2.814274 0.396472 0.007383 0.037005 -0.026168 0.998945
1755487279.768208 42.966971 -2.814358 0.395360 0.006831 0.038628 -0.027477 0.998852
1755487279.848113 43.034681 -2.812544 0.387123 0.004566 0.040627 -0.035424 0.998536
1755487279.867023 43.050437 -2.811586 0.385308 0.003855 0.041453 -0.037284 0.998437
1755487279.948257 43.116254 -2.804688 0.377365 0.001329 0.039545 -0.044369 0.998231
1755487279.968129 43.131442 -2.802694 0.375819 0.000861 0.038957 -0.045640 0.998198
1755487280.048502 43.188344 -2.793501 0.371129 0.000299 0.027516 -0.046918 0.998520
1755487280.067857 43.201552 -2.791743 0.371984 0.000546 0.025537 -0.044817 0.998669
1755487280.149302 43.258669 -2.786255 0.379758 0.004207 0.016239 -0.039271 0.999088
1755487280.169108 43.272339 -2.785140 0.381489 0.004677 0.015326 -0.040485 0.999052
1755487280.247617 43.330120 -2.783493 0.387586 0.006033 0.012280 -0.045633 0.998865
1755487280.267231 43.345280 -2.783949 0.390022 0.006656 0.013048 -0.046618 0.998805
1755487280.347899 43.410129 -2.787005 0.397669 0.009169 0.015015 -0.052467 0.998468
1755487280.367327 43.425793 -2.787802 0.398436 0.009292 0.016405 -0.053222 0.998405
1755487280.447590 43.493371 -2.789859 0.395181 0.008777 0.018354 -0.056566 0.998192
1755487280.466590 43.509631 -2.790878 0.393451 0.008690 0.019411 -0.056882 0.998154
1755487280.547658 43.578743 -2.799291 0.384598 0.010485 0.020529 -0.054610 0.998242
1755487280.566839 43.595343 -2.802229 0.382640 0.011145 0.021316 -0.053976 0.998252
1755487280.648122 43.665183 -2.817119 0.374690 0.014757 0.019535 -0.049100 0.998494
1755487280.667755 43.681469 -2.820914 0.373118 0.015454 0.019004 -0.047479 0.998572
1755487280.748590 43.747131 -2.835627 0.369133 0.018224 0.009457 -0.039403 0.999012
1755487280.767255 43.761908 -2.838434 0.369855 0.018480 0.007382 -0.039466 0.999023
1755487280.848654 43.829911 -2.845490 0.383595 0.016679 -0.002071 -0.035208 0.999239
1755487280.869053 43.847374 -2.845326 0.387709 0.015124 -0.002505 -0.035953 0.999236
1755487280.948919 43.917636 -2.841708 0.399232 0.008867 -0.006634 -0.033354 0.999382
1755487280.967980 43.935117 -2.840528 0.402272 0.007436 -0.005620 -0.033519 0.999395
1755487281.049128 44.013971 -2.837965 0.412441 0.002380 -0.003371 -0.035918 0.999346
1755487281.069630 44.034229 -2.838230 0.414153 0.001769 -0.001671 -0.035950 0.999351
1755487281.148581 44.111204 -2.839699 0.413232 0.000111 0.001554 -0.037884 0.999281
1755487281.169396 44.132175 -2.840276 0.411934 -0.000394 0.003139 -0.039231 0.999225
1755487281.249026 44.210240 -2.843110 0.402381 -0.001313 0.005074 -0.044323 0.999003
1755487281.267076 44.228400 -2.843750 0.400407 -0.001264 0.006092 -0.044828 0.998975
1755487281.348397 44.308547 -2.845458 0.390925 -0.000655 0.006242 -0.048143 0.998821
1755487281.367849 44.327960 -2.845417 0.389349 -0.000588 0.006272 -0.048958 0.998781
1755487281.449672 44.406614 -2.843732 0.389238 -0.000070 0.000205 -0.047711 0.998861
1755487281.467768 44.423850 -2.843759 0.391643 0.000493 0.000134 -0.046404 0.998923
1755487281.549112 44.501993 -2.845416 0.400938 0.003100 -0.001762 -0.050591 0.998713
1755487281.567877 44.519412 -2.845855 0.402459 0.003178 -0.000990 -0.052474 0.998617
1755487281.647913 44.594557 -2.852127 0.407060 0.005414 0.001860 -0.059380 0.998219
1755487281.667200 44.613247 -2.854948 0.408612 0.006619 0.003939 -0.060164 0.998159
1755487281.748007 44.690163 -2.867208 0.409209 0.011096 0.009725 -0.063899 0.997847
1755487281.767302 44.708422 -2.869900 0.408387 0.011877 0.011768 -0.063535 0.997840
1755487281.848083 44.786077 -2.880500 0.399945 0.013724 0.016487 -0.062853 0.997792
1755487281.867694 44.805065 -2.883159 0.397804 0.014289 0.018203 -0.061701 0.997826
1755487281.948943 44.881504 -2.894723 0.387189 0.016155 0.020879 -0.055877 0.998089
1755487281.968069 44.899425 -2.897443 0.385129 0.016362 0.021869 -0.054524 0.998139
1755487282.049606 44.973895 -2.908504 0.378293 0.016307 0.020510 -0.050028 0.998404
1755487282.067195 44.989499 -2.910900 0.377823 0.016187 0.019846 -0.048267 0.998506
1755487282.147984 45.058754 -2.919272 0.382265 0.014188 0.012970 -0.047850 0.998670
1755487282.166848 45.074270 -2.920503 0.385335 0.013452 0.011581 -0.047315 0.998722
1755487282.267500 45.167834 -2.922955 0.398354 0.007398 0.007373 -0.040086 0.999142
1755487282.347636 45.237745 -2.922465 0.406374 0.004455 0.007942 -0.034631 0.999359
1755487282.366685 45.254593 -2.922743 0.408647 0.004012 0.009427 -0.033788 0.999377
1755487282.449023 45.330368 -2.924878 0.413082 0.002343 0.012663 -0.031940 0.999407
1755487282.468269 45.348062 -2.925404 0.413056 0.002102 0.014118 -0.032357 0.999374
1755487282.548948 45.423089 -2.928320 0.408260 0.000722 0.016768 -0.036191 0.999204
1755487282.568143 45.441252 -2.928800 0.406580 0.000427 0.018033 -0.037936 0.999117
1755487282.648665 45.517057 -2.930391 0.396718 -0.000338 0.018983 -0.044461 0.998831
1755487282.668422 45.535567 -2.930467 0.394373 -0.000429 0.019613 -0.045999 0.998749
1755487282.749084 45.608387 -2.929658 0.385835 -0.000366 0.014276 -0.050191 0.998638
1755487282.768087 45.608919 -2.930715 0.386990 -0.000249 0.014414 -0.049977 0.998646
1755487282.848848 45.680736 -2.930538 0.390779 0.003072 0.008746 -0.047198 0.998843
1755487282.867255 45.685621 -2.930135 0.392000 0.003435 0.009068 -0.047798 0.998810
1755487282.948507 45.757474 -2.931406 0.398224 0.003437 0.008033 -0.057688 0.998296
1755487282.967257 45.774340 -2.932406 0.400236 0.003927 0.009410 -0.059341 0.998186
1755487283.048301 45.850823 -2.941134 0.409296 0.006520 0.012700 -0.065571 0.997746
1755487283.067296 45.856433 -2.941600 0.410489 0.006786 0.013494 -0.066092 0.997699
1755487283.149317 45.935407 -2.951644 0.411645 0.007964 0.018082 -0.070626 0.997307
1755487283.168073 45.952774 -2.953964 0.410765 0.008160 0.019561 -0.071201 0.997237
1755487283.248686 46.031050 -2.967378 0.404125 0.010193 0.022468 -0.068840 0.997323
1755487283.268078 46.050178 -2.970884 0.402212 0.010605 0.023337 -0.068103 0.997349
1755487283.348438 46.125658 -2.985228 0.394227 0.011158 0.022337 -0.065394 0.997547
1755487283.369792 46.144379 -2.988782 0.392745 0.010543 0.021417 -0.064122 0.997657
1755487283.449315 46.211247 -3.000248 0.393661 0.008681 0.014858 -0.060199 0.998038
1755487283.468533 46.226886 -3.002872 0.395781 0.007933 0.013365 -0.057612 0.998218
1755487283.548664 46.289858 -3.009674 0.407668 0.005149 0.008073 -0.050497 0.998678
1755487283.567309 46.290867 -3.009673 0.408718 0.005200 0.008187 -0.050405 0.998682
1755487283.648375 46.355508 -3.010589 0.421315 0.000268 0.006293 -0.041865 0.999103
1755487283.667217 46.371047 -3.011001 0.424272 -0.000321 0.007176 -0.040065 0.999171
1755487283.747405 46.441859 -3.012011 0.430835 -0.002032 0.009306 -0.033106 0.999406
1755487283.766073 46.458308 -3.012596 0.431439 -0.002172 0.010550 -0.032112 0.999426
1755487283.847159 46.530122 -3.013113 0.427227 -0.003647 0.013260 -0.030900 0.999428
1755487283.865905 46.546747 -3.013133 0.425889 -0.003986 0.014388 -0.031488 0.999393
1755487283.947550 46.621030 -3.011395 0.415940 -0.005281 0.014778 -0.033470 0.999317
1755487283.967043 46.638797 -3.010956 0.414104 -0.005390 0.015231 -0.034166 0.999286
1755487284.048188 46.710860 -3.007442 0.404027 -0.006015 0.011591 -0.038319 0.999180
1755487284.067296 46.727205 -3.006882 0.402998 -0.005895 0.011164 -0.038197 0.999190
1755487284.148607 46.795173 -3.006506 0.405259 -0.003207 0.007924 -0.037189 0.999272
1755487284.167772 46.810868 -3.006726 0.407519 -0.002402 0.008830 -0.040009 0.999157
1755487284.246033 46.871481 -3.008272 0.412018 -0.001836 0.010833 -0.051555 0.998610
1755487284.266999 46.888037 -3.009402 0.414321 -0.001375 0.012739 -0.053357 0.998493
1755487284.349802 46.957228 -3.017528 0.421765 -0.000384 0.019652 -0.066532 0.997591
1755487284.368551 46.972607 -3.019714 0.423258 -0.000074 0.021948 -0.068733 0.997394
1755487284.448278 47.035899 -3.029202 0.422628 0.000892 0.028197 -0.074240 0.996841
1755487284.467482 47.050951 -3.032066 0.422254 0.001382 0.030000 -0.074143 0.996795
1755487284.548774 47.111033 -3.044884 0.416276 0.002936 0.033479 -0.075687 0.996565
1755487284.567854 47.124642 -3.047981 0.414922 0.003209 0.034396 -0.075878 0.996519
1755487284.648283 47.180148 -3.063582 0.409794 0.004635 0.033721 -0.074039 0.996674
1755487284.667463 47.193526 -3.067853 0.410399 0.005438 0.033839 -0.072626 0.996770
1755487284.748043 47.250714 -3.085244 0.425563 0.006906 0.032621 -0.074390 0.996672
1755487284.768145 47.265419 -3.088574 0.434291 0.006299 0.032627 -0.075799 0.996569
1755487284.848152 47.323923 -3.099269 0.482291 0.003609 0.033357 -0.078915 0.996317
1755487284.868433 47.338209 -3.101545 0.494921 0.003011 0.034825 -0.077478 0.996381
1755487284.948648 47.389909 -3.111498 0.536164 0.004416 0.038045 -0.070391 0.996784
1755487284.968572 47.402173 -3.113879 0.545011 0.005032 0.038807 -0.067907 0.996924
1755487285.047632 47.449779 -3.122749 0.579315 0.008222 0.042591 -0.059788 0.997268
1755487285.068190 47.462315 -3.124582 0.587406 0.009291 0.044180 -0.056685 0.997371
1755487285.149265 47.508318 -3.128368 0.614157 0.011711 0.046925 -0.046649 0.997740
1755487285.169188 47.509065 -3.127102 0.614870 0.011731 0.047045 -0.046937 0.997720
1755487285.248160 47.552923 -3.125316 0.633450 0.010803 0.047767 -0.046737 0.997706
1755487285.266792 47.563033 -3.124212 0.636685 0.010319 0.047838 -0.047589 0.997667
1755487285.349782 47.607711 -3.119221 0.650223 0.009330 0.043832 -0.051350 0.997675
1755487285.368602 47.618077 -3.118097 0.654258 0.008970 0.042741 -0.050902 0.997748
1755487285.450373 47.668151 -3.117164 0.681561 0.014951 0.043509 -0.042877 0.998021
1755487285.469428 47.679354 -3.117306 0.688881 0.016239 0.044217 -0.044223 0.997911
1755487285.547682 47.724206 -3.116546 0.717167 0.017474 0.047179 -0.054058 0.997269
1755487285.567125 47.734912 -3.115759 0.724106 0.016698 0.047565 -0.056948 0.997104
1755487285.649139 47.775992 -3.113296 0.757055 0.013225 0.048896 -0.071823 0.996130
1755487285.668486 47.785410 -3.113301 0.765791 0.012481 0.049520 -0.075291 0.995853
1755487285.749871 47.822517 -3.114868 0.798993 0.010183 0.049524 -0.085287 0.995073
1755487285.768867 47.831101 -3.115599 0.805254 0.009510 0.049555 -0.086835 0.994944
1755487285.850208 47.867453 -3.121110 0.822523 0.008132 0.048098 -0.089296 0.994810
1755487285.867916 47.874775 -3.122578 0.824164 0.007790 0.047985 -0.089451 0.994804
1755487285.948695 47.913476 -3.132362 0.829490 0.006850 0.045579 -0.087304 0.995115
1755487285.967674 47.923664 -3.134986 0.832561 0.006574 0.045881 -0.086197 0.995199
1755487286.047124 47.968587 -3.143624 0.859423 0.002799 0.046301 -0.086608 0.995162
1755487286.066253 47.979851 -3.144808 0.869235 0.000938 0.047465 -0.088174 0.994973
1755487286.148492 48.024198 -3.151850 0.910307 -0.001972 0.049954 -0.079021 0.995619
1755487286.167751 48.033458 -3.154430 0.918473 -0.001465 0.051061 -0.076730 0.995742
1755487286.249421 48.070619 -3.166886 0.949964 0.001748 0.053105 -0.065516 0.996436
1755487286.268065 48.078266 -3.169143 0.956880 0.002378 0.053972 -0.063107 0.996543
1755487286.348412 48.113377 -3.177559 0.982401 0.004288 0.055588 -0.054318 0.996966
1755487286.368153 48.122122 -3.179081 0.987294 0.004557 0.056278 -0.052858 0.997005
1755487286.449967 48.158508 -3.185255 0.999819 0.004870 0.056894 -0.050934 0.997068
1755487286.470391 48.167550 -3.186602 1.001433 0.004759 0.057295 -0.050820 0.997052
1755487286.548241 48.205583 -3.192342 1.005695 0.004973 0.057580 -0.052388 0.996953
1755487286.567966 48.215336 -3.193501 1.007519 0.005242 0.058044 -0.052585 0.996914
1755487286.649236 48.256320 -3.197617 1.020007 0.006662 0.055925 -0.053402 0.996984
1755487286.668614 48.265799 -3.198432 1.025666 0.007131 0.055137 -0.052371 0.997079
1755487286.748021 48.304286 -3.203097 1.059010 0.013106 0.054016 -0.049138 0.997244
1755487286.768192 48.313846 -3.203967 1.068591 0.013823 0.054357 -0.051987 0.997071
1755487286.847461 48.348929 -3.203971 1.102184 0.013652 0.053856 -0.059757 0.996666
1755487286.867424 48.350794 -3.203428 1.105099 0.013344 0.053989 -0.060782 0.996601
1755487286.947145 48.387088 -3.203658 1.138160 0.010895 0.054665 -0.072230 0.995829
1755487286.967313 48.389097 -3.203746 1.140448 0.010886 0.054974 -0.072663 0.995781
1755487287.050003 48.426889 -3.207016 1.168181 0.009543 0.054762 -0.078989 0.995324
1755487287.069513 48.435464 -3.208029 1.172272 0.009156 0.054877 -0.078829 0.995334
1755487287.149865 48.472905 -3.213388 1.183285 0.008012 0.053113 -0.077523 0.995543
1755487287.169080 48.482220 -3.214864 1.184805 0.007349 0.053144 -0.077792 0.995525
1755487287.249338 48.523886 -3.221989 1.191447 0.004451 0.051677 -0.077510 0.995641
1755487287.269205 48.534477 -3.224449 1.194784 0.003554 0.051299 -0.077024 0.995702
1755487287.350175 48.579814 -3.234541 1.224953 0.001084 0.050861 -0.076049 0.995805
1755487287.368449 48.589975 -3.237019 1.234822 0.000538 0.051211 -0.073930 0.995948
1755487287.448848 48.628201 -3.246169 1.271538 0.001203 0.050961 -0.061859 0.996782
1755487287.469214 48.636559 -3.248822 1.279690 0.001645 0.050070 -0.058226 0.997046
1755487287.550801 48.670022 -3.260064 1.312452 0.005632 0.049068 -0.045527 0.997741
1755487287.569540 48.676290 -3.262643 1.318867 0.006643 0.049342 -0.042487 0.997856
1755487287.649664 48.710069 -3.273479 1.345267 0.012712 0.049488 -0.026904 0.998331
1755487287.668525 48.717864 -3.275479 1.349476 0.013597 0.049635 -0.024487 0.998375
1755487287.749631 48.751841 -3.281991 1.359695 0.015563 0.049063 -0.021212 0.998449
1755487287.768605 48.760216 -3.283211 1.360881 0.015756 0.049440 -0.021414 0.998423
1755487287.849825 48.798188 -3.286830 1.363342 0.016490 0.049555 -0.023497 0.998359
1755487287.868841 48.808004 -3.287354 1.364399 0.016710 0.049742 -0.023933 0.998335
1755487287.948927 48.849916 -3.286764 1.375809 0.017727 0.048706 -0.024990 0.998343
1755487287.968193 48.860724 -3.286696 1.381512 0.018478 0.049532 -0.024461 0.998302
1755487288.049296 48.906331 -3.286803 1.414533 0.022454 0.051511 -0.028184 0.998022
1755487288.068771 48.916578 -3.286261 1.423391 0.023080 0.053299 -0.031447 0.997816
1755487288.149356 48.956503 -3.280780 1.454628 0.020358 0.056580 -0.043530 0.997241
1755487288.167811 48.964820 -3.279069 1.461047 0.018850 0.056942 -0.046574 0.997112
1755487288.249636 49.002442 -3.276085 1.488860 0.014992 0.058980 -0.061529 0.996248
1755487288.268777 49.004482 -3.276226 1.491195 0.014962 0.059468 -0.062328 0.996170
1755487288.348402 49.042875 -3.277665 1.510951 0.012718 0.062151 -0.072567 0.995344
1755487288.367605 49.043860 -3.277851 1.512430 0.012742 0.062418 -0.072505 0.995331
1755487288.449643 49.085864 -3.281952 1.522667 0.010554 0.064036 -0.073179 0.995205
1755487288.468528 49.092606 -3.282864 1.523938 0.009928 0.064411 -0.073049 0.995197
1755487288.549989 49.134544 -3.290081 1.535090 0.008008 0.062784 -0.069102 0.995600
1755487288.568474 49.144388 -3.291718 1.540292 0.007255 0.062534 -0.068764 0.995645
1755487288.648409 49.186042 -3.297447 1.575312 0.004174 0.063532 -0.064979 0.995853
1755487288.666879 49.194612 -3.298545 1.584727 0.003556 0.063907 -0.060849 0.996093
1755487288.748602 49.226086 -3.303035 1.619497 0.003351 0.062286 -0.048159 0.996890
1755487288.767876 49.232363 -3.304208 1.626825 0.003250 0.061400 -0.044291 0.997125
1755487288.849469 49.257319 -3.308157 1.658241 0.004476 0.057372 -0.031137 0.997857
1755487288.868966 49.263336 -3.309111 1.665828 0.004713 0.056897 -0.027913 0.997979
1755487288.947543 49.285468 -3.311102 1.688939 0.005980 0.053943 -0.017185 0.998378
1755487288.967802 49.290920 -3.311053 1.693781 0.005814 0.053245 -0.015689 0.998441
1755487289.068622 49.321368 -3.311182 1.708669 0.004605 0.050571 -0.014182 0.998609
1755487289.149799 49.349968 -3.310740 1.711909 0.004787 0.049886 -0.015645 0.998621
1755487289.169016 49.356950 -3.310014 1.712567 0.004674 0.050367 -0.016300 0.998587
