# timestamp tx ty tz qx qy qz qw
1755487229.758132 0.000204 0.003723 -0.007398 0.001105 0.001011 -0.001481 0.999998
1755487229.837433 0.003425 -0.045692 -0.015002 0.000426 0.005492 -0.006968 0.999961
1755487229.856529 0.048506 -0.055727 -0.030122 -0.001235 0.009057 -0.010848 0.999899
1755487229.937488 0.117839 -0.055989 -0.021012 0.003374 0.012422 -0.005450 0.999902
1755487229.958148 0.135697 -0.054904 -0.020768 0.003859 0.014314 -0.005022 0.999877
1755487230.037412 0.264250 -0.076824 0.008625 0.007602 0.017383 0.002972 0.999816
1755487230.057938 0.280333 -0.067371 0.002683 0.009248 0.016578 0.004842 0.999808
1755487230.137794 0.361975 -0.084259 0.004921 0.008841 0.015870 0.013156 0.999748
1755487230.157907 0.380220 -0.079857 0.004754 0.009647 0.013735 0.016283 0.999727
1755487230.236716 0.449437 -0.090163 0.016817 0.007544 0.008364 0.022409 0.999685
1755487230.257499 0.464861 -0.091802 0.018449 0.006968 0.005998 0.028087 0.999563
1755487230.336318 0.529978 -0.097242 0.043952 0.001037 0.003018 0.031685 0.999493
1755487230.355522 0.546834 -0.096135 0.044959 0.000008 0.002030 0.033695 0.999430
1755487230.436752 0.600455 -0.094722 0.051000 -0.003798 -0.000060 0.044561 0.998999
1755487230.456447 0.611934 -0.094071 0.049325 -0.004152 0.000901 0.048172 0.998830
1755487230.537218 0.665016 -0.092156 0.048472 -0.006885 0.004531 0.053167 0.998552
1755487230.556366 0.677432 -0.092637 0.047306 -0.006981 0.005415 0.055448 0.998422
1755487230.636504 0.731088 -0.093976 0.036176 -0.008130 0.008276 0.055294 0.998403
1755487230.656112 0.734396 -0.095524 0.036204 -0.008024 0.008489 0.055477 0.998392
1755487230.734679 0.788276 -0.098010 0.021261 -0.008969 0.011184 0.052398 0.998523
1755487230.754662 0.795516 -0.098913 0.019403 -0.009063 0.011719 0.052646 0.998503
1755487230.835678 0.854131 -0.097518 -0.002190 -0.009912 0.011798 0.046410 0.998804
1755487230.855551 0.869429 -0.097799 -0.006039 -0.010351 0.012142 0.046864 0.998774
1755487230.937165 0.931150 -0.095808 -0.020163 -0.008538 0.005952 0.044653 0.998948
1755487230.956516 0.946751 -0.096721 -0.019911 -0.008740 0.005544 0.045829 0.998896
1755487231.036366 1.002049 -0.094749 -0.018756 -0.005413 -0.001021 0.039699 0.999196
1755487231.056032 1.014937 -0.095257 -0.019643 -0.005781 -0.000748 0.037725 0.999271
1755487231.156368 1.081591 -0.093158 -0.030939 -0.006479 -0.000877 0.025122 0.999663
1755487231.238187 1.136938 -0.096709 -0.037615 -0.000955 0.001595 0.018513 0.999827
1755487231.256700 1.143967 -0.096338 -0.039088 -0.000133 0.002589 0.018986 0.999816
1755487231.336900 1.200269 -0.095474 -0.049666 0.002524 0.007542 0.016539 0.999832
1755487231.356097 1.215348 -0.094743 -0.053973 0.003288 0.009044 0.017409 0.999802
1755487231.437324 1.273953 -0.097882 -0.073613 0.005943 0.013241 0.019800 0.999699
1755487231.457976 1.289216 -0.099436 -0.079665 0.006212 0.015634 0.022264 0.999611
1755487231.536484 1.349697 -0.101978 -0.099919 0.010134 0.018664 0.024917 0.999464
1755487231.556293 1.364755 -0.104020 -0.105203 0.010418 0.020129 0.026172 0.999400
1755487231.637584 1.432928 -0.115014 -0.113015 0.013582 0.018533 0.031224 0.999248
1755487231.657896 1.447983 -0.116682 -0.115458 0.013928 0.019474 0.033024 0.999168
1755487231.735971 1.510583 -0.118767 -0.112009 0.013208 0.014519 0.032850 0.999268
1755487231.756079 1.527828 -0.117820 -0.112981 0.012239 0.015300 0.034042 0.999228
1755487231.837418 1.590689 -0.117662 -0.106444 0.007553 0.014527 0.036693 0.999192
1755487231.856544 1.606890 -0.115654 -0.106641 0.006726 0.015044 0.039885 0.999068
1755487231.936315 1.670179 -0.110815 -0.105650 0.002136 0.017216 0.040675 0.999022
1755487231.956177 1.686092 -0.108494 -0.106852 0.001009 0.019643 0.042526 0.998902
1755487232.037493 1.753846 -0.106316 -0.109821 -0.002186 0.023250 0.041719 0.998856
1755487232.056939 1.769221 -0.104162 -0.113420 -0.002288 0.025182 0.043450 0.998736
1755487232.136281 1.837811 -0.100396 -0.121116 -0.004509 0.027118 0.040711 0.998793
1755487232.155981 1.852270 -0.097747 -0.126960 -0.004918 0.028678 0.040964 0.998737
1755487232.236877 1.922134 -0.087373 -0.136002 -0.008459 0.028371 0.036252 0.998904
1755487232.256368 1.939579 -0.083892 -0.138416 -0.009237 0.028961 0.036597 0.998868
1755487232.336576 2.007138 -0.070791 -0.142304 -0.011625 0.023404 0.033565 0.999095
1755487232.356401 2.024187 -0.067303 -0.141117 -0.012481 0.022717 0.035292 0.999041
1755487232.436979 2.091809 -0.060348 -0.124347 -0.011393 0.015432 0.036718 0.999142
1755487232.456936 2.107182 -0.058877 -0.120681 -0.010929 0.015051 0.036924 0.999145
1755487232.536942 2.168533 -0.053529 -0.111466 -0.010917 0.009251 0.027007 0.999533
1755487232.556630 2.180766 -0.053807 -0.109556 -0.011467 0.009410 0.025179 0.999573
1755487232.637280 2.244940 -0.055967 -0.098358 -0.009991 0.009498 0.016492 0.999769
1755487232.656410 2.258777 -0.057151 -0.095800 -0.009514 0.010593 0.015442 0.999779
1755487232.737890 2.327079 -0.065207 -0.093876 -0.006894 0.013998 0.010553 0.999823
1755487232.757024 2.341834 -0.067716 -0.094279 -0.006508 0.015408 0.011040 0.999799
1755487232.837533 2.409007 -0.081073 -0.091097 -0.003938 0.018974 0.011294 0.999748
1755487232.857517 2.426069 -0.085675 -0.091506 -0.003146 0.019631 0.013381 0.999713
1755487232.937284 2.496622 -0.105138 -0.095355 0.000641 0.021365 0.018349 0.999603
1755487232.956321 2.514166 -0.109932 -0.096044 0.001045 0.021042 0.019915 0.999580
1755487233.037731 2.577524 -0.131791 -0.090725 0.001837 0.018375 0.022706 0.999572
1755487233.056906 2.598063 -0.136899 -0.088830 0.001652 0.016869 0.022814 0.999596
1755487233.137218 2.659050 -0.156306 -0.079365 0.000868 0.011216 0.022994 0.999672
1755487233.156666 2.677061 -0.160096 -0.075036 -0.000093 0.009665 0.023784 0.999670
1755487233.235789 2.735711 -0.173166 -0.061947 -0.002894 0.006703 0.020601 0.999761
1755487233.255970 2.752209 -0.175575 -0.058947 -0.003030 0.005489 0.021757 0.999744
1755487233.338192 2.811131 -0.184484 -0.044766 -0.004737 0.005376 0.022089 0.999730
1755487233.358382 2.829512 -0.185405 -0.040247 -0.004505 0.005251 0.022772 0.999717
1755487233.437274 2.889080 -0.193711 -0.030572 -0.004996 0.007405 0.018087 0.999797
1755487233.456749 2.907658 -0.194912 -0.028150 -0.004871 0.007809 0.017955 0.999796
1755487233.539590 2.974999 -0.201030 -0.027894 -0.004444 0.011818 0.010362 0.999867
1755487233.557840 2.990862 -0.201867 -0.027364 -0.004563 0.012676 0.009073 0.999868
1755487233.637963 3.058686 -0.204508 -0.028891 -0.004779 0.016269 -0.001431 0.999855
1755487233.656961 3.076898 -0.204228 -0.027675 -0.005337 0.016831 -0.003214 0.999839
1755487233.736609 3.143785 -0.204905 -0.023910 -0.006005 0.015952 -0.014538 0.999749
1755487233.755843 3.165686 -0.204102 -0.019708 -0.005856 0.014959 -0.015070 0.999757
1755487233.837733 3.232708 -0.203202 0.000478 -0.005072 0.010419 -0.020761 0.999717
1755487233.856884 3.247533 -0.202379 0.005397 -0.005219 0.010186 -0.022418 0.999683
1755487233.937366 3.306152 -0.201321 0.027318 -0.004259 0.007055 -0.032420 0.999440
1755487233.956972 3.319697 -0.201634 0.031041 -0.003978 0.007764 -0.034031 0.999383
1755487234.037733 3.378436 -0.206810 0.052857 -0.001180 0.009460 -0.040111 0.999150
1755487234.057633 3.395240 -0.208535 0.057243 -0.000629 0.011327 -0.040548 0.999113
1755487234.137820 3.455065 -0.215873 0.067434 0.000804 0.015889 -0.044094 0.998901
1755487234.157830 3.472492 -0.217720 0.069315 0.001487 0.017406 -0.043833 0.998886
1755487234.238272 3.536721 -0.232026 0.074086 0.003671 0.022577 -0.044240 0.998759
1755487234.257073 3.551945 -0.235827 0.074126 0.005205 0.023021 -0.042824 0.998804
1755487234.337023 3.613278 -0.259094 0.074510 0.008391 0.025508 -0.042209 0.998748
1755487234.356085 3.629212 -0.264581 0.074135 0.009685 0.024601 -0.042062 0.998765
1755487234.436883 3.687822 -0.288775 0.069698 0.013218 0.021480 -0.039550 0.998899
1755487234.456721 3.704692 -0.294327 0.071160 0.014173 0.019045 -0.039001 0.998957
1755487234.538053 3.760412 -0.312203 0.080179 0.013310 0.012354 -0.039816 0.999042
1755487234.558256 3.774996 -0.315110 0.083563 0.012661 0.010514 -0.039765 0.999074
1755487234.637426 3.827041 -0.320727 0.091314 0.007174 0.007594 -0.040567 0.999122
1755487234.657217 3.840364 -0.321570 0.092081 0.006202 0.006091 -0.039095 0.999198
1755487234.738110 3.898637 -0.323348 0.092686 0.001017 0.007735 -0.039793 0.999177
1755487234.757679 3.913939 -0.323820 0.094062 0.000149 0.008384 -0.039547 0.999183
1755487234.837769 3.976908 -0.327199 0.093246 -0.002534 0.011801 -0.038633 0.999181
1755487234.857647 3.991524 -0.328033 0.092374 -0.002656 0.012497 -0.037760 0.999205
1755487234.936836 4.053658 -0.332038 0.082162 -0.004243 0.013789 -0.039561 0.999113
1755487234.957303 4.068705 -0.333381 0.078880 -0.004894 0.014488 -0.039663 0.999096
1755487235.038900 4.132402 -0.334691 0.064692 -0.006437 0.013417 -0.041603 0.999023
1755487235.058529 4.148388 -0.335776 0.061659 -0.006793 0.013988 -0.040915 0.999042
1755487235.139332 4.213241 -0.336157 0.054651 -0.006838 0.007808 -0.038849 0.999191
1755487235.157519 4.227520 -0.336388 0.054278 -0.007075 0.006417 -0.036626 0.999283
1755487235.238426 4.287138 -0.336882 0.060526 -0.005461 -0.004715 -0.030768 0.999501
1755487235.258119 4.295144 -0.337474 0.062577 -0.005264 -0.004723 -0.030707 0.999503
1755487235.337953 4.354204 -0.339866 0.071581 -0.003787 -0.011318 -0.037139 0.999239
1755487235.357282 4.368592 -0.342071 0.073316 -0.003730 -0.010629 -0.037749 0.999224
1755487235.437979 4.438314 -0.353065 0.081622 -0.000122 -0.009532 -0.042477 0.999052
1755487235.457678 4.452599 -0.357002 0.084028 0.000332 -0.007055 -0.043002 0.999050
1755487235.537418 4.526526 -0.370635 0.084681 0.003234 -0.002838 -0.044157 0.999015
1755487235.557297 4.543496 -0.374630 0.084060 0.003373 -0.000406 -0.043445 0.999050
1755487235.638728 4.621486 -0.391001 0.076645 0.005795 0.005160 -0.042431 0.999069
1755487235.658350 4.628775 -0.393549 0.075898 0.005928 0.006543 -0.041767 0.999088
1755487235.738975 4.707035 -0.412709 0.068560 0.008652 0.010827 -0.034354 0.999314
1755487235.758191 4.726523 -0.418292 0.067977 0.008964 0.012303 -0.032288 0.999363
1755487235.838500 4.803206 -0.437945 0.063920 0.009386 0.011714 -0.028376 0.999485
1755487235.857799 4.821255 -0.442179 0.065032 0.008680 0.012020 -0.029566 0.999453
1755487235.939471 4.892881 -0.454020 0.074490 0.003772 0.008748 -0.035844 0.999312
1755487235.958695 4.911243 -0.457167 0.078957 0.002476 0.009071 -0.034567 0.999358
1755487236.037956 4.977298 -0.466049 0.089978 -0.000453 0.008244 -0.030507 0.999500
1755487236.057255 4.985601 -0.468329 0.091174 -0.000848 0.008791 -0.029572 0.999524
1755487236.139617 5.054104 -0.476251 0.099382 -0.003147 0.010517 -0.024786 0.999633
1755487236.159895 5.072012 -0.478050 0.100182 -0.003410 0.012090 -0.023185 0.999652
1755487236.238105 5.140308 -0.484868 0.103954 -0.003094 0.016402 -0.020038 0.999660
1755487236.257046 5.158392 -0.485373 0.103714 -0.002813 0.018325 -0.019189 0.999644
1755487236.338870 5.231373 -0.491215 0.101720 -0.002789 0.022768 -0.020489 0.999527
1755487236.358377 5.248645 -0.493065 0.101416 -0.002733 0.024116 -0.020986 0.999485
1755487236.439326 5.317063 -0.494940 0.095134 -0.002551 0.025863 -0.025933 0.999326
1755487236.458554 5.326617 -0.494934 0.094331 -0.002591 0.026264 -0.026544 0.999299
1755487236.539373 5.391890 -0.490985 0.088801 -0.003103 0.023602 -0.032354 0.999193
1755487236.558392 5.406113 -0.490944 0.089831 -0.003069 0.022284 -0.032455 0.999220
1755487236.638926 5.464618 -0.486675 0.093867 0.000307 0.015548 -0.026898 0.999517
1755487236.658388 5.469803 -0.487266 0.095841 0.000910 0.015004 -0.026351 0.999540
1755487236.738899 5.523104 -0.483673 0.102668 0.003333 0.008010 -0.029966 0.999513
1755487236.758799 5.536376 -0.484664 0.106208 0.003086 0.007101 -0.031243 0.999482
1755487236.838808 5.587578 -0.481916 0.111142 0.004007 0.004696 -0.037543 0.999276
1755487236.858204 5.602223 -0.483368 0.113544 0.004238 0.005354 -0.038986 0.999216
1755487236.938464 5.656976 -0.484528 0.114012 0.005168 0.007314 -0.045699 0.998915
1755487236.959269 5.672890 -0.485833 0.114593 0.005101 0.008416 -0.046904 0.998851
1755487237.038349 5.726713 -0.488676 0.109757 0.004761 0.011308 -0.052253 0.998558
1755487237.057576 5.741372 -0.490176 0.108675 0.004890 0.012310 -0.052462 0.998535
1755487237.139015 5.798224 -0.499478 0.101001 0.006010 0.013511 -0.052694 0.998501
1755487237.158967 5.815057 -0.504242 0.101979 0.006252 0.013621 -0.051641 0.998553
1755487237.239792 5.872237 -0.519253 0.095217 0.008373 0.012041 -0.048761 0.998703
1755487237.259680 5.880594 -0.521460 0.094325 0.008693 0.011638 -0.047754 0.998753
1755487237.337903 5.936378 -0.536764 0.092824 0.009412 0.006845 -0.045359 0.998903
1755487237.356923 5.953140 -0.540397 0.095366 0.008865 0.005737 -0.043741 0.998987
1755487237.438578 6.014614 -0.549382 0.108914 0.004857 0.003230 -0.043684 0.999028
1755487237.457610 6.024089 -0.550635 0.111206 0.004412 0.003732 -0.043086 0.999055
1755487237.538577 6.084271 -0.557007 0.117624 0.001690 0.002920 -0.037027 0.999309
1755487237.557730 6.099234 -0.558738 0.119807 0.000945 0.003677 -0.035532 0.999361
1755487237.638375 6.159095 -0.564453 0.125239 -0.000035 0.006130 -0.031894 0.999472
1755487237.657699 6.174031 -0.566448 0.125636 0.000088 0.007439 -0.030746 0.999500
1755487237.738381 6.233873 -0.574565 0.123610 0.000882 0.009833 -0.027993 0.999559
1755487237.757463 6.247668 -0.576548 0.123491 0.000963 0.010856 -0.027413 0.999565
1755487237.838330 6.308147 -0.582126 0.118615 0.001242 0.012132 -0.026313 0.999579
1755487237.859688 6.324045 -0.583542 0.117106 0.001243 0.012919 -0.025656 0.999587
1755487237.937638 6.384376 -0.582774 0.111103 0.000190 0.013079 -0.026748 0.999557
1755487237.956991 6.399442 -0.582019 0.108720 0.000056 0.013157 -0.026789 0.999555
1755487238.038909 6.460413 -0.577263 0.104433 -0.001926 0.007951 -0.028225 0.999568
1755487238.057638 6.474190 -0.576299 0.104342 -0.002017 0.007016 -0.027356 0.999599
1755487238.138327 6.532760 -0.571882 0.109847 -0.001332 0.000367 -0.023734 0.999717
1755487238.158162 6.547540 -0.570914 0.111272 -0.001162 -0.000025 -0.025558 0.999673
1755487238.239371 6.605535 -0.566454 0.118132 -0.003266 -0.001737 -0.034031 0.999414
1755487238.258018 6.620214 -0.566399 0.120122 -0.003472 -0.000886 -0.035404 0.999367
1755487238.338370 6.683974 -0.569355 0.127679 -0.002275 0.002443 -0.040894 0.999158
1755487238.357469 6.700675 -0.571110 0.129404 -0.001813 0.004125 -0.041412 0.999132
1755487238.437916 6.765987 -0.579622 0.129145 -0.000412 0.009436 -0.043689 0.999001
1755487238.457050 6.782887 -0.581185 0.126385 0.000022 0.011049 -0.043752 0.998981
1755487238.536362 6.848854 -0.593188 0.115986 0.002548 0.015822 -0.043419 0.998928
1755487238.555969 6.865421 -0.597278 0.113301 0.003531 0.017318 -0.042132 0.998956
1755487238.639639 6.937027 -0.618616 0.105201 0.008542 0.019312 -0.036701 0.999103
1755487238.658738 6.945289 -0.621523 0.103454 0.009134 0.019501 -0.035495 0.999138
1755487238.737278 7.006307 -0.642906 0.100382 0.013575 0.015068 -0.028251 0.999395
1755487238.756470 7.020494 -0.647656 0.100777 0.013943 0.014613 -0.028597 0.999387
1755487238.837994 7.079896 -0.661259 0.111852 0.012241 0.007326 -0.025882 0.999563
1755487238.857982 7.094765 -0.662872 0.113848 0.011228 0.006749 -0.024597 0.999612
1755487238.938545 7.150519 -0.665079 0.126704 0.007195 0.003300 -0.019197 0.999784
1755487238.957914 7.166067 -0.664001 0.125776 0.005919 0.003532 -0.017567 0.999822
1755487239.038945 7.229182 -0.660910 0.131414 0.000580 0.005474 -0.016439 0.999850
1755487239.058122 7.246977 -0.660136 0.133415 -0.000868 0.007468 -0.015354 0.999854
1755487239.138276 7.318917 -0.659811 0.137354 -0.004423 0.012266 -0.014009 0.999817
1755487239.156672 7.333437 -0.660529 0.137243 -0.005217 0.014121 -0.013599 0.999794
1755487239.239058 7.406971 -0.660320 0.131754 -0.007457 0.018230 -0.014719 0.999698
1755487239.258483 7.416301 -0.661612 0.131286 -0.007867 0.019124 -0.014967 0.999674
1755487239.337127 7.488606 -0.660358 0.126623 -0.009568 0.021387 -0.016424 0.999591
1755487239.356761 7.505282 -0.660495 0.125687 -0.010006 0.021712 -0.017080 0.999568
1755487239.439624 7.575839 -0.654145 0.123466 -0.010737 0.017419 -0.017770 0.999633
1755487239.459208 7.592821 -0.653152 0.123219 -0.010577 0.015974 -0.016654 0.999678
1755487239.537715 7.656057 -0.649607 0.132482 -0.007654 0.008341 -0.011771 0.999867
1755487239.556700 7.670479 -0.649341 0.134915 -0.007083 0.006777 -0.011989 0.999880
1755487239.638705 7.731378 -0.645931 0.143663 -0.006483 0.002218 -0.018498 0.999805
1755487239.657753 7.746376 -0.645088 0.144415 -0.006033 0.002046 -0.020106 0.999778
1755487239.737172 7.810157 -0.648295 0.151885 -0.004095 0.003080 -0.027777 0.999601
1755487239.756660 7.826723 -0.648829 0.151920 -0.002970 0.004238 -0.029276 0.999558
1755487239.837531 7.894499 -0.656878 0.152596 0.000267 0.008096 -0.031260 0.999478
1755487239.857081 7.911313 -0.658325 0.150384 0.001236 0.009393 -0.031211 0.999468
1755487239.939236 7.977344 -0.667441 0.141352 0.003175 0.012023 -0.032155 0.999406
1755487239.958463 7.992047 -0.669452 0.138631 0.003717 0.012590 -0.031140 0.999429
1755487240.038757 8.053673 -0.682835 0.129862 0.007171 0.012458 -0.024991 0.999584
1755487240.058333 8.068471 -0.685302 0.127590 0.007934 0.012390 -0.023298 0.999620
1755487240.139177 8.126909 -0.698417 0.121626 0.010190 0.007504 -0.013346 0.999831
1755487240.158104 8.141916 -0.701004 0.122105 0.010198 0.006534 -0.011902 0.999856
1755487240.239227 8.200350 -0.707539 0.129088 0.008406 0.000644 -0.009999 0.999914
1755487240.258915 8.215613 -0.707672 0.131983 0.007498 0.000349 -0.008439 0.999936
1755487240.339285 8.273848 -0.705850 0.146088 0.002342 -0.000860 -0.002055 0.999995
1755487240.358782 8.287997 -0.704832 0.148643 0.001510 -0.000365 0.001040 0.999998
1755487240.437903 8.343929 -0.699681 0.152317 -0.001729 0.001847 0.006868 0.999973
1755487240.457859 8.360871 -0.697713 0.152668 -0.002542 0.003513 0.008187 0.999957
1755487240.539500 8.425687 -0.691095 0.155280 -0.005045 0.009367 0.012201 0.999869
1755487240.559749 8.444673 -0.689231 0.155262 -0.005748 0.011334 0.012723 0.999838
1755487240.641270 8.510049 -0.681995 0.151367 -0.007708 0.016584 0.011466 0.999767
1755487240.660102 8.526717 -0.679650 0.149802 -0.008524 0.017848 0.011118 0.999743
1755487240.741565 8.589552 -0.668650 0.141125 -0.009602 0.019640 0.008033 0.999729
1755487240.760120 8.606444 -0.665669 0.138776 -0.010052 0.020151 0.007354 0.999719
1755487240.839294 8.666981 -0.651680 0.131860 -0.010349 0.018070 0.004636 0.999772
1755487240.860043 8.684047 -0.647411 0.130652 -0.010455 0.017090 0.005610 0.999784
1755487240.940038 8.743860 -0.635888 0.135050 -0.006010 0.012193 0.014588 0.999801
1755487240.960703 8.759417 -0.633444 0.137244 -0.004576 0.011547 0.017317 0.999773
1755487241.040939 8.817382 -0.625350 0.144390 -0.000739 0.008709 0.016982 0.999818
1755487241.060417 8.832700 -0.622452 0.145098 -0.000788 0.009053 0.016573 0.999821
1755487241.139962 8.893077 -0.619278 0.150270 0.001837 0.010547 0.012217 0.999868
1755487241.158865 8.909742 -0.618484 0.151904 0.002298 0.012024 0.011859 0.999855
1755487241.239647 8.976800 -0.617332 0.154277 0.003731 0.016507 0.007626 0.999828
1755487241.259339 8.997291 -0.616163 0.153938 0.003470 0.018011 0.007686 0.999802
1755487241.338851 9.066138 -0.616499 0.146549 0.003441 0.021555 0.004928 0.999750
1755487241.358497 9.087122 -0.616611 0.143913 0.003613 0.022577 0.005394 0.999724
1755487241.439190 9.156332 -0.625896 0.136961 0.006601 0.022837 0.008202 0.999684
1755487241.459746 9.170889 -0.629235 0.136329 0.007306 0.022877 0.009099 0.999670
1755487241.540880 9.234564 -0.644118 0.130288 0.011170 0.017848 0.013870 0.999682
1755487241.560872 9.243503 -0.646435 0.129951 0.011628 0.016834 0.015084 0.999677
1755487241.639776 9.302920 -0.660037 0.132340 0.013436 0.008485 0.018620 0.999700
1755487241.658676 9.316783 -0.661381 0.134833 0.013751 0.007222 0.020873 0.999661
1755487241.739570 9.378455 -0.669347 0.147693 0.012399 0.003773 0.025175 0.999599
1755487241.759619 9.394606 -0.669561 0.150020 0.012160 0.003726 0.027173 0.999550
1755487241.840788 9.456637 -0.670118 0.157867 0.009170 0.005317 0.028540 0.999536
1755487241.859464 9.472891 -0.669245 0.159591 0.008305 0.006881 0.028259 0.999542
1755487241.940197 9.539497 -0.668681 0.163371 0.005509 0.012102 0.025619 0.999583
1755487241.959846 9.556887 -0.667141 0.163302 0.005252 0.014137 0.025097 0.999571
1755487242.040268 9.627440 -0.669970 0.158353 0.003897 0.020351 0.019821 0.999589
1755487242.060542 9.646675 -0.669611 0.156315 0.003432 0.022548 0.019009 0.999559
1755487242.139982 9.720034 -0.672111 0.146995 0.002786 0.027661 0.014133 0.999514
1755487242.160513 9.740205 -0.670955 0.144356 0.002397 0.029157 0.013685 0.999478
1755487242.241161 9.809885 -0.670504 0.137243 0.001249 0.030651 0.011992 0.999457
1755487242.259243 9.825039 -0.668884 0.135639 0.000551 0.030869 0.011523 0.999457
1755487242.339913 9.884754 -0.664145 0.134807 -0.002616 0.024221 0.007100 0.999678
1755487242.359340 9.899248 -0.662108 0.136414 -0.003290 0.022825 0.007890 0.999703
1755487242.440957 9.957392 -0.661919 0.151381 -0.003202 0.016970 0.005894 0.999833
1755487242.459296 9.972539 -0.661578 0.153847 -0.002832 0.016788 0.004586 0.999845
1755487242.539320 10.027171 -0.665859 0.163217 -0.003234 0.014332 -0.004633 0.999881
1755487242.558889 10.041808 -0.667281 0.164816 -0.002798 0.014965 -0.005963 0.999866
1755487242.639287 10.102467 -0.679884 0.171861 0.000620 0.017594 -0.011457 0.999779
1755487242.659504 10.110956 -0.680455 0.171662 0.001323 0.018266 -0.011799 0.999763
1755487242.739216 10.173345 -0.696606 0.170620 0.004985 0.022159 -0.016016 0.999614
1755487242.758884 10.189345 -0.699204 0.168821 0.005776 0.023142 -0.016643 0.999577
1755487242.841095 10.253287 -0.721491 0.161516 0.009499 0.024725 -0.018867 0.999471
1755487242.860160 10.268974 -0.724930 0.159172 0.010682 0.024599 -0.017373 0.999489
1755487242.940009 10.328856 -0.749360 0.153117 0.013987 0.022116 -0.015669 0.999535
1755487242.959101 10.343747 -0.749918 0.151661 0.014423 0.020741 -0.015139 0.999566
1755487243.039431 10.401167 -0.770660 0.152169 0.012060 0.013481 -0.020013 0.999636
1755487243.059112 10.414637 -0.772027 0.153889 0.011126 0.011535 -0.020688 0.999658
1755487243.139262 10.474192 -0.785366 0.168704 0.006324 0.007171 -0.023397 0.999681
1755487243.158644 10.479273 -0.784857 0.170047 0.006066 0.007240 -0.023494 0.999679
1755487243.239546 10.538793 -0.793027 0.181463 0.001720 0.006239 -0.021337 0.999751
1755487243.258979 10.547434 -0.792901 0.182705 0.001178 0.006700 -0.021482 0.999746
1755487243.339758 10.612099 -0.799668 0.189368 -0.002369 0.009433 -0.023983 0.999665
1755487243.358615 10.628509 -0.800269 0.189476 -0.002612 0.010451 -0.023619 0.999663
1755487243.440394 10.697210 -0.807811 0.187476 -0.002996 0.013464 -0.024575 0.999603
1755487243.458937 10.713305 -0.808654 0.185924 -0.003405 0.014476 -0.025099 0.999574
1755487243.540577 10.785401 -0.811276 0.180090 -0.004246 0.016367 -0.027873 0.999468
1755487243.560307 10.802741 -0.811104 0.178648 -0.004763 0.017007 -0.028559 0.999436
1755487243.639609 10.874635 -0.808239 0.175125 -0.006073 0.016193 -0.030992 0.999370
1755487243.659259 10.883757 -0.806991 0.174582 -0.006277 0.015837 -0.031053 0.999373
1755487243.739954 10.953220 -0.801758 0.172565 -0.006358 0.008911 -0.024879 0.999631
1755487243.759434 10.969492 -0.800694 0.173067 -0.005784 0.007738 -0.021729 0.999717
1755487243.840043 11.033709 -0.796753 0.179795 -0.003081 0.003255 -0.018201 0.999824
1755487243.859787 11.049816 -0.795402 0.180834 -0.003216 0.003020 -0.018398 0.999821
1755487243.939919 11.114634 -0.793368 0.184653 -0.002754 0.002884 -0.018507 0.999821
1755487243.959163 11.130777 -0.793844 0.185937 -0.001914 0.003895 -0.017595 0.999836
1755487244.039664 11.197640 -0.800158 0.191761 0.002341 0.008830 -0.014712 0.999850
1755487244.059476 11.205466 -0.800456 0.191922 0.002933 0.009898 -0.013778 0.999852
1755487244.139671 11.271996 -0.807257 0.189070 0.006383 0.016176 -0.007357 0.999822
1755487244.158990 11.289189 -0.808512 0.187532 0.006991 0.017955 -0.005670 0.999798
1755487244.240236 11.359157 -0.818778 0.178697 0.010848 0.023567 0.003695 0.999657
1755487244.260669 11.378091 -0.821236 0.176772 0.011779 0.025051 0.006492 0.999596
1755487244.340742 11.446578 -0.833927 0.167848 0.015568 0.028019 0.016603 0.999348
1755487244.359854 11.463354 -0.836122 0.165856 0.016273 0.028622 0.019175 0.999274
1755487244.440223 11.527080 -0.848594 0.162820 0.017754 0.025101 0.028988 0.999107
1755487244.459831 11.534706 -0.849108 0.163089 0.017642 0.024807 0.029258 0.999108
1755487244.540952 11.593570 -0.853577 0.172030 0.012153 0.017889 0.031367 0.999274
1755487244.561339 11.609875 -0.852163 0.174494 0.010449 0.017462 0.033408 0.999235
1755487244.641920 11.666908 -0.848133 0.182496 0.004008 0.014613 0.042350 0.998988
1755487244.660195 11.673672 -0.846711 0.182997 0.003367 0.014956 0.043235 0.998947
1755487244.739643 11.730704 -0.838465 0.190630 -0.004080 0.016191 0.051521 0.998532
1755487244.759349 11.746353 -0.836101 0.191983 -0.005528 0.017830 0.054000 0.998366
1755487244.840930 11.806988 -0.826427 0.195575 -0.008812 0.021713 0.062246 0.997786
1755487244.860359 11.824790 -0.824090 0.195306 -0.009826 0.023180 0.063406 0.997670
1755487244.940716 11.885599 -0.813933 0.190391 -0.012557 0.025074 0.064874 0.997499
1755487244.960101 11.901879 -0.811118 0.188849 -0.013535 0.025810 0.064427 0.997497
1755487245.040194 11.966251 -0.799525 0.183142 -0.016448 0.025944 0.061557 0.997631
1755487245.059331 11.980904 -0.796307 0.181992 -0.017053 0.025915 0.060694 0.997674
1755487245.139736 12.040215 -0.785175 0.180561 -0.018160 0.020128 0.055360 0.998098
1755487245.159739 12.054323 -0.781926 0.181420 -0.018441 0.018324 0.055210 0.998136
1755487245.240958 12.106546 -0.772976 0.190533 -0.016610 0.009522 0.053155 0.998403
1755487245.261897 12.119425 -0.771087 0.193299 -0.016109 0.008107 0.051265 0.998522
1755487245.340072 12.166076 -0.768718 0.198065 -0.014069 0.002894 0.043053 0.998970
1755487245.360184 12.179095 -0.768585 0.199984 -0.013548 0.002685 0.040523 0.999083
1755487245.440046 12.229743 -0.772362 0.205386 -0.009752 0.003013 0.030717 0.999476
1755487245.459174 12.242244 -0.773734 0.206958 -0.009199 0.003690 0.028523 0.999544
1755487245.540365 12.296713 -0.779949 0.206677 -0.005882 0.005231 0.021866 0.999730
1755487245.559423 12.310369 -0.781614 0.206316 -0.005321 0.005902 0.020709 0.999754
1755487245.640924 12.366987 -0.792586 0.199482 -0.000980 0.007228 0.018302 0.999806
1755487245.660617 12.384923 -0.795986 0.197958 0.000290 0.007897 0.018731 0.999793
1755487245.740720 12.444307 -0.813126 0.188636 0.005802 0.008511 0.018939 0.999768
1755487245.760157 12.448831 -0.814271 0.188562 0.006031 0.008598 0.018779 0.999768
1755487245.840367 12.508471 -0.831022 0.180639 0.010127 0.005208 0.019885 0.999737
1755487245.860230 12.516325 -0.833222 0.180452 0.010218 0.004880 0.019703 0.999742
1755487245.940262 12.576613 -0.845435 0.182028 0.011131 -0.000812 0.023915 0.999652
1755487245.959979 12.582085 -0.846138 0.183098 0.011008 -0.000813 0.024398 0.999641
1755487246.040321 12.644202 -0.848796 0.193844 0.007060 -0.000414 0.031537 0.999478
1755487246.060500 12.658693 -0.849150 0.195077 0.006190 0.000548 0.035716 0.999343
1755487246.140343 12.721197 -0.844406 0.199129 0.002733 0.003637 0.048169 0.998829
1755487246.159722 12.725930 -0.843599 0.200143 0.002476 0.004486 0.048753 0.998798
1755487246.240392 12.794072 -0.836140 0.202298 -0.000272 0.011603 0.059620 0.998154
1755487246.261324 12.810631 -0.835110 0.202141 -0.000856 0.013865 0.061941 0.997983
1755487246.340365 12.875363 -0.825552 0.199879 -0.001690 0.017893 0.072065 0.997238
1755487246.360918 12.879860 -0.824889 0.199906 -0.001897 0.018477 0.072697 0.997181
1755487246.441252 12.944512 -0.808176 0.197317 -0.005168 0.020442 0.086380 0.996039
1755487246.460589 12.957996 -0.804604 0.196725 -0.006247 0.020882 0.089006 0.995793
1755487246.540954 13.018463 -0.784635 0.193735 -0.008520 0.017698 0.102859 0.994502
1755487246.560502 13.031837 -0.780459 0.194109 -0.009174 0.016870 0.106806 0.994094
1755487246.641101 13.089475 -0.765061 0.197385 -0.007952 0.011254 0.125499 0.991998
1755487246.660848 13.095817 -0.763827 0.198441 -0.007614 0.010927 0.127119 0.991798
1755487246.741621 13.153178 -0.754681 0.207287 -0.004165 0.006396 0.138409 0.990346
1755487246.760898 13.161838 -0.753397 0.208153 -0.003804 0.006441 0.139068 0.990255
1755487246.840478 13.219394 -0.751038 0.209476 0.000293 0.005209 0.141538 0.989919
1755487246.860721 13.235774 -0.750951 0.210631 0.001337 0.006523 0.142028 0.989840
1755487246.941068 13.300394 -0.756472 0.211272 0.006172 0.010178 0.138386 0.990307
1755487246.959794 13.316545 -0.756879 0.211472 0.006820 0.011838 0.137635 0.990389
1755487247.041103 13.382862 -0.763886 0.206308 0.009253 0.016147 0.129568 0.991396
1755487247.060127 13.399942 -0.765331 0.205172 0.009252 0.017576 0.127614 0.991625
1755487247.141040 13.463419 -0.775944 0.195753 0.010725 0.019588 0.117349 0.992840
1755487247.160828 13.481007 -0.778954 0.194435 0.010646 0.020205 0.114828 0.993123
1755487247.243786 13.542892 -0.795732 0.187142 0.011531 0.016804 0.103869 0.994382
1755487247.260174 13.547825 -0.797133 0.187272 0.011468 0.016577 0.102958 0.994481
1755487247.342803 13.604591 -0.812375 0.187734 0.008938 0.008074 0.085328 0.996280
1755487247.359612 13.616069 -0.814630 0.190133 0.008174 0.007167 0.082670 0.996518
1755487247.439930 13.667660 -0.821051 0.202978 0.003284 0.003620 0.071509 0.997428
1755487247.459530 13.681966 -0.822349 0.205789 0.002317 0.003788 0.071337 0.997442
1755487247.541130 13.735983 -0.825988 0.215664 -0.000930 0.003793 0.065287 0.997859
1755487247.560032 13.750330 -0.826026 0.218314 -0.001936 0.005075 0.063112 0.997992
1755487247.640691 13.809073 -0.828147 0.224769 -0.003973 0.008370 0.058358 0.998253
1755487247.660021 13.816353 -0.828005 0.225035 -0.004108 0.009207 0.057669 0.998285
1755487247.740682 13.878405 -0.829738 0.219804 -0.004885 0.012726 0.052568 0.998524
1755487247.759598 13.882998 -0.829591 0.219625 -0.004985 0.013115 0.052264 0.998535
1755487247.840406 13.950640 -0.828501 0.211499 -0.005824 0.015958 0.049424 0.998633
1755487247.859881 13.967148 -0.827556 0.210264 -0.006266 0.016725 0.048697 0.998654
1755487247.940996 14.037078 -0.822623 0.205103 -0.007274 0.016033 0.046890 0.998745
1755487247.960065 14.041651 -0.822109 0.205279 -0.007448 0.015779 0.046635 0.998760
1755487248.040717 14.110835 -0.817604 0.205417 -0.007058 0.009858 0.044948 0.998916
1755487248.059823 14.126904 -0.816852 0.207052 -0.006691 0.009017 0.045166 0.998916
1755487248.141303 14.195593 -0.816222 0.213355 -0.004202 0.006376 0.039472 0.999191
1755487248.159861 14.210654 -0.816020 0.213983 -0.003932 0.006564 0.037868 0.999253
1755487248.241722 14.283630 -0.819092 0.214117 -0.002438 0.009766 0.024808 0.999642
1755487248.260534 14.301844 -0.819796 0.215458 -0.002117 0.011884 0.022391 0.999676
1755487248.340092 14.378972 -0.828885 0.218500 0.001366 0.018345 0.014708 0.999723
1755487248.359882 14.398758 -0.831112 0.218618 0.001935 0.020426 0.013557 0.999698
1755487248.439895 14.475240 -0.843446 0.213617 0.004961 0.025130 0.008911 0.999632
1755487248.459782 14.493785 -0.846457 0.211681 0.005275 0.026226 0.008953 0.999602
1755487248.540486 14.569054 -0.862011 0.200040 0.008393 0.027675 0.008300 0.999547
1755487248.559636 14.574367 -0.863183 0.199563 0.008546 0.027846 0.008358 0.999541
1755487248.641651 14.647719 -0.879828 0.192779 0.010839 0.023470 0.011378 0.999601
1755487248.660115 14.662754 -0.882683 0.193011 0.010106 0.022225 0.010904 0.999642
1755487248.739870 14.728888 -0.890606 0.200228 0.005936 0.013240 0.007418 0.999867
1755487248.759521 14.744814 -0.891502 0.204775 0.004084 0.012194 0.007808 0.999887
1755487248.840499 14.808030 -0.893310 0.215756 -0.000291 0.007833 0.012318 0.999893
1755487248.860045 14.822407 -0.894127 0.218737 -0.000742 0.008340 0.015580 0.999844
1755487248.941509 14.891253 -0.896215 0.228621 -0.001249 0.010776 0.024620 0.999638
1755487248.961624 14.909384 -0.896652 0.231712 -0.001335 0.012536 0.027072 0.999554
1755487249.041538 14.980797 -0.900029 0.234551 0.000984 0.016744 0.034298 0.999271
1755487249.061774 14.998032 -0.900090 0.234238 0.001065 0.018098 0.035253 0.999214
1755487249.142852 15.067065 -0.898167 0.224680 0.001192 0.020191 0.031976 0.999284
1755487249.161059 15.075722 -0.897053 0.224377 0.000752 0.020766 0.031033 0.999302
1755487249.240425 15.142907 -0.887764 0.215770 -0.001548 0.020674 0.023039 0.999520
1755487249.260410 15.158303 -0.884916 0.214733 -0.002301 0.020420 0.021370 0.999560
1755487249.340649 15.220059 -0.873819 0.210667 -0.002329 0.014437 0.016194 0.999762
1755487249.360071 15.234455 -0.871881 0.211736 -0.001925 0.013083 0.017024 0.999768
1755487249.441007 15.292715 -0.867559 0.219834 0.004803 0.007306 0.017354 0.999811
1755487249.460118 15.305341 -0.866792 0.222695 0.005826 0.007010 0.015614 0.999837
1755487249.541586 15.361972 -0.863103 0.228073 0.008397 0.005105 0.003815 0.999944
1755487249.560391 15.377015 -0.863431 0.230278 0.009259 0.005624 0.001793 0.999940
1755487249.641265 15.438294 -0.867400 0.233655 0.014204 0.009056 -0.009878 0.999809
1755487249.660071 15.452227 -0.867733 0.235131 0.014830 0.010336 -0.012167 0.999763
1755487249.741542 15.512508 -0.872389 0.229927 0.017674 0.013877 -0.021913 0.999507
1755487249.761345 15.527370 -0.872954 0.229026 0.017663 0.014944 -0.024111 0.999442
1755487249.841794 15.586803 -0.880307 0.220648 0.020093 0.016866 -0.031243 0.999168
1755487249.860841 15.599536 -0.882398 0.219699 0.020774 0.017143 -0.030986 0.999157
1755487249.941035 15.655900 -0.894865 0.213641 0.024896 0.014816 -0.028209 0.999182
1755487249.961692 15.670388 -0.897242 0.213176 0.025056 0.013893 -0.027451 0.999212
1755487250.041422 15.721013 -0.907175 0.210689 0.025666 0.005521 -0.027558 0.999275
1755487250.060727 15.733458 -0.908316 0.211698 0.024788 0.003712 -0.028213 0.999288
1755487250.141592 15.783163 -0.911134 0.220913 0.020682 -0.006539 -0.025518 0.999439
1755487250.161367 15.787374 -0.911139 0.223093 0.020134 -0.006432 -0.025567 0.999450
1755487250.241971 15.841250 -0.906509 0.234100 0.011092 -0.009999 -0.024916 0.999578
1755487250.261342 15.854963 -0.905052 0.236424 0.008752 -0.009239 -0.024506 0.999619
1755487250.341010 15.914400 -0.898966 0.243950 0.001990 -0.007146 -0.024041 0.999683
1755487250.360504 15.919854 -0.899319 0.246004 0.001388 -0.006427 -0.024138 0.999687
1755487250.441363 15.986023 -0.898313 0.249144 -0.001909 -0.000491 -0.021092 0.999776
1755487250.460581 16.002273 -0.898371 0.250106 -0.002622 0.001362 -0.020341 0.999789
1755487250.540860 16.073125 -0.898932 0.245352 -0.003185 0.007049 -0.018924 0.999791
1755487250.560195 16.092006 -0.898226 0.244149 -0.003539 0.008713 -0.019117 0.999773
1755487250.640834 16.166906 -0.897497 0.237234 -0.003726 0.014232 -0.019810 0.999696
1755487250.661013 16.188565 -0.896958 0.235955 -0.003994 0.015319 -0.020120 0.999672
1755487250.741754 16.264782 -0.893973 0.227809 -0.004058 0.016788 -0.021951 0.999610
1755487250.762501 16.288605 -0.892932 0.227704 -0.004495 0.016572 -0.022021 0.999610
1755487250.840812 16.362625 -0.890553 0.229920 -0.003020 0.014520 -0.018431 0.999720
1755487250.860958 16.381972 -0.889705 0.230186 -0.002645 0.014111 -0.019484 0.999707
1755487250.941557 16.453182 -0.886698 0.235149 -0.002923 0.013940 -0.026056 0.999559
1755487250.960476 16.472917 -0.886267 0.234873 -0.003567 0.014371 -0.028188 0.999493
1755487251.041301 16.543093 -0.891302 0.237531 -0.002808 0.016466 -0.036437 0.999196
1755487251.060816 16.564262 -0.893569 0.238210 -0.002601 0.018203 -0.037864 0.999114
1755487251.141218 16.636687 -0.905208 0.238696 0.000682 0.022262 -0.040759 0.998921
1755487251.160822 16.659706 -0.907603 0.238070 0.000739 0.023963 -0.040943 0.998874
1755487251.242109 16.737991 -0.923833 0.230867 0.003389 0.028747 -0.041886 0.998703
1755487251.261348 16.759086 -0.927740 0.229636 0.003480 0.030555 -0.041454 0.998667
1755487251.342105 16.839205 -0.951635 0.220037 0.008667 0.033786 -0.036120 0.998739
1755487251.360532 16.857960 -0.957753 0.219995 0.009124 0.034651 -0.034335 0.998768
1755487251.442100 16.932894 -0.985048 0.217999 0.012795 0.032333 -0.030055 0.998943
1755487251.461678 16.948325 -0.990486 0.219386 0.012642 0.031633 -0.031003 0.998939
1755487251.541431 17.013798 -1.009100 0.231563 0.011085 0.025511 -0.030117 0.999159
1755487251.561123 17.016265 -1.009526 0.233691 0.010539 0.025694 -0.030364 0.999153
1755487251.642262 17.078617 -1.017434 0.246375 0.005095 0.021150 -0.025892 0.999428
1755487251.661280 17.090992 -1.017672 0.250053 0.003515 0.021609 -0.025102 0.999445
1755487251.742819 17.153407 -1.020846 0.261072 -0.000805 0.021746 -0.021960 0.999522
1755487251.761666 17.155305 -1.021128 0.261478 -0.000949 0.022066 -0.021834 0.999518
1755487251.841808 17.219775 -1.026447 0.265586 -0.001636 0.023886 -0.015328 0.999596
1755487251.861036 17.232483 -1.027337 0.264049 -0.001958 0.024465 -0.015077 0.999585
1755487251.943107 17.297855 -1.026960 0.258167 -0.003651 0.024742 -0.013528 0.999596
1755487251.961955 17.297779 -1.027043 0.259062 -0.003941 0.024851 -0.013615 0.999591
1755487252.041877 17.359663 -1.019980 0.255715 -0.006339 0.023416 -0.012233 0.999631
1755487252.060818 17.372053 -1.019346 0.255397 -0.006599 0.022349 -0.012029 0.999656
1755487252.141862 17.427434 -1.010076 0.251909 -0.005596 0.013972 -0.009742 0.999839
1755487252.161295 17.437972 -1.009839 0.253059 -0.004948 0.011067 -0.008635 0.999889
1755487252.241749 17.491147 -1.003445 0.259817 -0.000770 0.002299 -0.000100 0.999997
1755487252.261514 17.502299 -1.002467 0.264216 0.000607 0.001474 -0.001501 0.999998
1755487252.341671 17.555982 -0.996320 0.269383 0.002031 -0.000558 -0.009538 0.999952
1755487252.360872 17.569134 -0.996486 0.270646 0.002247 -0.000249 -0.012691 0.999917
1755487252.441504 17.630324 -0.993718 0.273556 0.003621 0.004441 -0.021332 0.999756
1755487252.461459 17.647315 -0.993449 0.275162 0.004199 0.006103 -0.023239 0.999703
1755487252.543165 17.711912 -0.992848 0.271092 0.005660 0.013004 -0.025472 0.999575
1755487252.561978 17.726446 -0.993927 0.269150 0.005801 0.014436 -0.026199 0.999536
1755487252.643072 17.794387 -1.000172 0.255647 0.007302 0.020333 -0.028868 0.999350
1755487252.660868 17.808401 -1.003275 0.252565 0.007845 0.021631 -0.029539 0.999299
1755487252.743233 17.874370 -1.015232 0.242108 0.012057 0.023956 -0.026371 0.999292
1755487252.761532 17.877692 -1.016818 0.239832 0.012404 0.024080 -0.026367 0.999285
1755487252.844001 17.941814 -1.033216 0.233527 0.016797 0.020212 -0.022704 0.999397
1755487252.863328 17.946327 -1.035411 0.232275 0.016968 0.019831 -0.022887 0.999397
1755487252.942147 18.006372 -1.050730 0.235665 0.018703 0.011489 -0.026066 0.999419
1755487252.961326 18.010331 -1.052132 0.236508 0.018608 0.011403 -0.026149 0.999420
1755487253.041670 18.071699 -1.061955 0.243728 0.017244 0.006527 -0.026310 0.999484
1755487253.060578 18.086266 -1.064507 0.244813 0.016010 0.007356 -0.025400 0.999522
1755487253.141954 18.154377 -1.071663 0.250085 0.013999 0.008129 -0.025308 0.999549
1755487253.161074 18.158688 -1.072724 0.251622 0.013605 0.009123 -0.025647 0.999537
1755487253.242354 18.226165 -1.075653 0.253441 0.011551 0.013201 -0.028127 0.999450
1755487253.261578 18.242138 -1.077278 0.254155 0.009841 0.015691 -0.029068 0.999406
1755487253.341809 18.308712 -1.081086 0.245634 0.008896 0.016767 -0.033825 0.999248
1755487253.360987 18.324800 -1.081814 0.244609 0.007403 0.018378 -0.035622 0.999169
1755487253.441679 18.393178 -1.082058 0.234902 0.006077 0.018288 -0.041820 0.998939
1755487253.460542 18.409742 -1.080689 0.236250 0.004407 0.019628 -0.043830 0.998836
1755487253.541191 18.474467 -1.076358 0.234405 0.004145 0.013603 -0.048695 0.998712
1755487253.560692 18.489601 -1.074987 0.236749 0.003384 0.012048 -0.048854 0.998728
1755487253.642885 18.549593 -1.071865 0.249756 0.006084 0.001320 -0.044670 0.998982
1755487253.662467 18.563854 -1.071956 0.255123 0.006159 0.000387 -0.046613 0.998894
1755487253.742347 18.622202 -1.072979 0.267599 0.007975 -0.004602 -0.055006 0.998444
1755487253.761423 18.638501 -1.074822 0.270794 0.008374 -0.004152 -0.058181 0.998262
1755487253.841356 18.703554 -1.084696 0.280275 0.012741 -0.001545 -0.066354 0.997714
1755487253.861193 18.719586 -1.088082 0.281945 0.013800 -0.000178 -0.068434 0.997560
1755487253.942401 18.789967 -1.101630 0.279961 0.017206 0.005712 -0.075680 0.996967
1755487253.961902 18.807709 -1.105356 0.278252 0.017683 0.007122 -0.077369 0.996820
1755487254.041744 18.882431 -1.124122 0.269578 0.020170 0.012942 -0.082643 0.996291
1755487254.060809 18.899737 -1.129203 0.267112 0.021283 0.013672 -0.082648 0.996258
1755487254.141497 18.971470 -1.153725 0.258894 0.026080 0.015217 -0.078808 0.996432
1755487254.161377 18.976078 -1.155737 0.257674 0.026477 0.015046 -0.078399 0.996457
1755487254.242435 19.043269 -1.179824 0.253139 0.030469 0.009213 -0.069680 0.997061
1755487254.261504 19.059237 -1.183988 0.254084 0.030399 0.007888 -0.070558 0.997013
1755487254.342000 19.124099 -1.199662 0.265585 0.026654 0.001513 -0.071241 0.997102
1755487254.361037 19.128339 -1.200053 0.266489 0.026447 0.001403 -0.070652 0.997149
1755487254.442858 19.198582 -1.212354 0.275293 0.021910 0.000103 -0.063948 0.997713
1755487254.461713 19.215785 -1.214596 0.277285 0.021620 0.001540 -0.062037 0.997838
1755487254.542984 19.294943 -1.227582 0.285375 0.019462 0.008257 -0.059194 0.998023
1755487254.561500 19.299315 -1.228214 0.285451 0.019478 0.008831 -0.058653 0.998049
1755487254.642501 19.378932 -1.241974 0.285919 0.017647 0.016890 -0.057585 0.998042
1755487254.661385 19.398419 -1.243712 0.283925 0.016889 0.018655 -0.058169 0.997990
1755487254.742253 19.478974 -1.254624 0.275790 0.013030 0.022584 -0.063959 0.997612
1755487254.761482 19.484246 -1.255227 0.274940 0.012843 0.022865 -0.064168 0.997594
1755487254.841667 19.561146 -1.262780 0.264679 0.008179 0.023625 -0.069540 0.997266
1755487254.860794 19.579354 -1.263986 0.262699 0.007117 0.023381 -0.070352 0.997223
1755487254.941658 19.652880 -1.269712 0.258486 0.003204 0.015893 -0.072516 0.997235
1755487254.960853 19.669866 -1.272002 0.259744 0.002679 0.014587 -0.071026 0.997364
1755487255.042807 19.740749 -1.282265 0.270688 0.004162 0.008665 -0.070724 0.997450
1755487255.061307 19.756811 -1.284953 0.272531 0.003959 0.008607 -0.072642 0.997313
1755487255.142688 19.826946 -1.297633 0.279146 0.004547 0.006918 -0.080019 0.996759
1755487255.162403 19.837588 -1.300778 0.280394 0.005069 0.007902 -0.080730 0.996692
1755487255.242695 19.907987 -1.322754 0.284375 0.010847 0.010713 -0.082766 0.996452
1755487255.260914 19.923719 -1.328142 0.284927 0.011731 0.012473 -0.082883 0.996412
1755487255.342207 19.996227 -1.349217 0.278634 0.014968 0.015523 -0.084521 0.996188
1755487255.361197 20.012835 -1.354652 0.276801 0.015514 0.017296 -0.084797 0.996127
1755487255.442322 20.086802 -1.377616 0.268094 0.018484 0.018665 -0.082306 0.996261
1755487255.461075 20.103916 -1.383696 0.267477 0.019101 0.019489 -0.081093 0.996333
1755487255.542108 20.178092 -1.407683 0.260769 0.022236 0.016597 -0.073934 0.996877
1755487255.561414 20.182829 -1.409191 0.261431 0.022368 0.016500 -0.073420 0.996914
1755487255.643548 20.257825 -1.431705 0.265533 0.023461 0.008283 -0.067779 0.997390
1755487255.662314 20.274681 -1.436544 0.269302 0.023087 0.007300 -0.065734 0.997543
1755487255.743012 20.348459 -1.449176 0.284149 0.018725 0.004739 -0.063414 0.997800
1755487255.761828 20.365597 -1.451677 0.287424 0.017697 0.005114 -0.061746 0.997922
1755487255.843300 20.442910 -1.458416 0.296632 0.012541 0.007366 -0.058453 0.998184
1755487255.861676 20.450470 -1.459928 0.297608 0.012412 0.008436 -0.058647 0.998166
1755487255.942526 20.530324 -1.469716 0.303659 0.009162 0.015538 -0.058472 0.998126
1755487255.961946 20.535674 -1.471781 0.303628 0.009336 0.016234 -0.058540 0.998109
1755487256.042942 20.614091 -1.483698 0.301639 0.007464 0.021565 -0.059599 0.997962
1755487256.062566 20.632472 -1.486566 0.301049 0.007007 0.023196 -0.060496 0.997874
1755487256.142769 20.708828 -1.495563 0.295433 0.004177 0.024358 -0.065080 0.997574
1755487256.161744 20.726496 -1.497291 0.295268 0.003275 0.025129 -0.066412 0.997470
1755487256.242195 20.803107 -1.502085 0.292010 0.000425 0.022835 -0.069894 0.997293
1755487256.261842 20.820491 -1.503049 0.292617 -0.000643 0.021699 -0.070951 0.997244
1755487256.343259 20.894415 -1.508315 0.298820 -0.002219 0.014405 -0.068692 0.997531
1755487256.365093 20.894302 -1.508062 0.299351 -0.002305 0.014366 -0.068662 0.997534
1755487256.442736 20.962277 -1.516423 0.309897 -0.000895 0.008077 -0.073269 0.997279
1755487256.461757 20.978945 -1.518017 0.311884 -0.001205 0.007824 -0.076343 0.997050
1755487256.543429 21.052270 -1.533178 0.321506 -0.000098 0.008359 -0.085907 0.996268
1755487256.563045 21.070865 -1.536866 0.324194 0.000606 0.009592 -0.087884 0.996084
1755487256.643003 21.147713 -1.558219 0.330358 0.004382 0.013775 -0.091653 0.995686
1755487256.661500 21.165055 -1.562868 0.330817 0.004821 0.014914 -0.091670 0.995666
1755487256.741636 21.241358 -1.586456 0.322640 0.007501 0.018167 -0.091590 0.995603
1755487256.761228 21.246911 -1.588227 0.321754 0.007791 0.018463 -0.091313 0.995621
1755487256.842679 21.324310 -1.617876 0.310256 0.012375 0.020237 -0.084561 0.996136
1755487256.861875 21.342452 -1.625037 0.308442 0.013112 0.020300 -0.082871 0.996267
1755487256.942719 21.416663 -1.657061 0.304588 0.015600 0.015812 -0.074074 0.997005
1755487256.962176 21.420637 -1.658782 0.304442 0.015742 0.015577 -0.073690 0.997035
1755487257.042465 21.493526 -1.688726 0.314489 0.016705 0.008982 -0.066967 0.997575
1755487257.064132 21.514498 -1.695142 0.318607 0.016348 0.009859 -0.063634 0.997791
1755487257.142899 21.589582 -1.716344 0.328943 0.013178 0.009599 -0.060462 0.998037
1755487257.164775 21.594307 -1.717296 0.330035 0.013236 0.010031 -0.059951 0.998063
1755487257.242273 21.672153 -1.736807 0.339891 0.010993 0.015990 -0.057443 0.998160
1755487257.261482 21.691479 -1.741394 0.341667 0.010867 0.018261 -0.056431 0.998180
1755487257.342733 21.771564 -1.760811 0.343119 0.010614 0.022324 -0.053634 0.998255
1755487257.361935 21.775963 -1.761862 0.343066 0.010680 0.022727 -0.053668 0.998243
1755487257.443332 21.855786 -1.779094 0.335770 0.008869 0.026429 -0.054976 0.998098
1755487257.462884 21.863496 -1.780304 0.334858 0.008692 0.026871 -0.055193 0.998076
1755487257.543144 21.943617 -1.791186 0.327170 0.004507 0.026755 -0.055983 0.998063
1755487257.561445 21.943876 -1.790781 0.326727 0.004552 0.026769 -0.056087 0.998057
1755487257.642733 22.022754 -1.796394 0.324581 -0.002143 0.019225 -0.059875 0.998018
1755487257.661999 22.041291 -1.797280 0.325370 -0.003409 0.016714 -0.059928 0.998057
1755487257.742688 22.115369 -1.803866 0.336663 -0.006072 0.007229 -0.061226 0.998079
1755487257.762462 22.132864 -1.806460 0.338174 -0.006090 0.006109 -0.063813 0.997925
1755487257.844835 22.208707 -1.819013 0.347662 -0.006765 0.002655 -0.070722 0.997470
1755487257.862461 22.214404 -1.820532 0.348180 -0.006249 0.003070 -0.071290 0.997431
1755487257.944125 22.294816 -1.841771 0.355413 0.000095 0.005801 -0.071268 0.997440
1755487257.962258 22.298691 -1.842093 0.355853 0.000466 0.006207 -0.071197 0.997443
1755487258.042889 22.379975 -1.862269 0.351804 0.005363 0.010296 -0.066593 0.997713
1755487258.063003 22.400865 -1.867106 0.347932 0.006255 0.011942 -0.066414 0.997701
1755487258.142771 22.483375 -1.889601 0.336086 0.010117 0.013724 -0.061106 0.997986
1755487258.162724 22.504429 -1.895614 0.333691 0.011417 0.014775 -0.058671 0.998103
1755487258.244070 22.588534 -1.920885 0.325491 0.016787 0.012425 -0.042325 0.998886
1755487258.262707 22.608568 -1.925275 0.325344 0.017710 0.011456 -0.038307 0.999043
1755487258.342655 22.692296 -1.944857 0.333062 0.018598 0.005048 -0.032615 0.999282
1755487258.361784 22.711813 -1.947296 0.336860 0.018417 0.004331 -0.032264 0.999300
1755487258.443594 22.796452 -1.956683 0.354137 0.014372 0.002163 -0.025885 0.999559
1755487258.461635 22.815173 -1.956847 0.356846 0.013841 0.002594 -0.023814 0.999617
1755487258.543190 22.901054 -1.963300 0.367938 0.011686 0.005607 -0.016008 0.999788
1755487258.562354 22.905655 -1.963265 0.368817 0.011572 0.005936 -0.015924 0.999789
1755487258.664439 23.016638 -1.972559 0.372694 0.011038 0.014141 -0.014003 0.999741
1755487258.743310 23.103279 -1.978551 0.366553 0.009620 0.018326 -0.014451 0.999681
1755487258.764009 23.126231 -1.979334 0.363818 0.009341 0.019832 -0.015215 0.999644
1755487258.843738 23.214536 -1.981539 0.354765 0.007306 0.021785 -0.016049 0.999607
1755487258.863009 23.222986 -1.982500 0.352647 0.007395 0.022120 -0.016158 0.999597
1755487258.943272 23.307925 -1.980863 0.345266 0.004557 0.017614 -0.016473 0.999699
1755487258.961984 23.312912 -1.980388 0.343839 0.004636 0.017292 -0.016443 0.999705
1755487259.043551 23.397076 -1.979636 0.351065 0.003389 0.008337 -0.012398 0.999883
1755487259.062323 23.406095 -1.979495 0.351371 0.003771 0.008299 -0.012787 0.999877
1755487259.143956 23.488652 -1.983223 0.361209 0.003965 0.005151 -0.020371 0.999771
1755487259.162279 23.510149 -1.984852 0.360620 0.004548 0.005901 -0.023098 0.999705
1755487259.245105 23.598417 -1.998879 0.367270 0.007979 0.008738 -0.026847 0.999570
1755487259.262466 23.605960 -2.000167 0.366687 0.008487 0.009391 -0.027075 0.999553
1755487259.343203 23.693933 -2.016858 0.365987 0.012665 0.014694 -0.024648 0.999508
1755487259.362428 23.715982 -2.020971 0.363437 0.013465 0.016664 -0.024631 0.999467
1755487259.443685 23.803823 -2.039113 0.356852 0.014978 0.020165 -0.020844 0.999467
1755487259.462768 23.826841 -2.043722 0.354869 0.015570 0.021738 -0.019714 0.999448
1755487259.542818 23.911441 -2.064671 0.348947 0.016589 0.021932 -0.011536 0.999555
1755487259.561735 23.917282 -2.065836 0.348973 0.016552 0.022021 -0.011156 0.999558
1755487259.643948 23.996573 -2.085120 0.347130 0.012775 0.014289 -0.005806 0.999799
1755487259.662846 24.015695 -2.088834 0.348544 0.011664 0.013468 -0.008244 0.999807
1755487259.743638 24.090413 -2.101550 0.362314 0.005150 0.006496 -0.008015 0.999934
1755487259.762577 24.109604 -2.104268 0.365855 0.003907 0.006314 -0.007743 0.999942
1755487259.843756 24.184415 -2.111900 0.379644 -0.000438 0.003094 0.003383 0.999989
1755487259.863091 24.204334 -2.112901 0.384508 -0.001336 0.004357 0.003542 0.999983
1755487259.943655 24.285021 -2.118867 0.396632 -0.004594 0.007479 0.007856 0.999931
1755487259.962840 24.288633 -2.118949 0.397679 -0.004568 0.007878 0.008081 0.999926
1755487260.045130 24.373934 -2.128409 0.403785 -0.005061 0.014321 0.012447 0.999807
1755487260.064649 24.381185 -2.128903 0.404034 -0.004968 0.014958 0.012361 0.999799
1755487260.145472 24.467259 -2.135442 0.398864 -0.004330 0.021230 0.014074 0.999666
1755487260.164278 24.468875 -2.135410 0.398797 -0.004274 0.021411 0.014082 0.999662
1755487260.244604 24.554865 -2.134808 0.392653 -0.004972 0.025808 0.015402 0.999536
1755487260.264043 24.574789 -2.133453 0.391721 -0.005505 0.025738 0.015492 0.999534
1755487260.344990 24.657527 -2.123066 0.384666 -0.008002 0.021543 0.016640 0.999597
1755487260.365532 24.658948 -2.122507 0.384201 -0.008067 0.021280 0.016797 0.999600
1755487260.443856 24.738781 -2.111012 0.385161 -0.007926 0.013049 0.025632 0.999555
1755487260.463334 24.758137 -2.108418 0.386379 -0.007454 0.012043 0.025033 0.999586
1755487260.543427 24.844733 -2.095927 0.387069 -0.007376 0.010030 0.025793 0.999590
1755487260.563117 24.849229 -2.095220 0.387591 -0.007279 0.010116 0.025716 0.999592
1755487260.642999 24.942705 -2.087719 0.393698 -0.004213 0.014472 0.024092 0.999596
1755487260.662419 24.965297 -2.086138 0.394811 -0.003269 0.016046 0.023596 0.999587
1755487260.743576 25.059264 -2.079599 0.389510 0.000191 0.019028 0.029048 0.999397
1755487260.762989 25.063687 -2.079155 0.389586 0.000370 0.019217 0.029340 0.999385
1755487260.843400 25.155587 -2.074696 0.375362 0.004531 0.020666 0.036147 0.999123
1755487260.862928 25.178202 -2.073890 0.371933 0.005571 0.021146 0.037416 0.999060
1755487260.943949 25.274690 -2.071442 0.358430 0.009719 0.019636 0.045611 0.998719
1755487260.962519 25.278134 -2.071381 0.358558 0.009831 0.019572 0.045890 0.998706
1755487261.043250 25.377192 -2.065985 0.356891 0.013286 0.016206 0.046725 0.998688
1755487261.063853 25.402590 -2.063176 0.359940 0.013429 0.015825 0.050298 0.998519
1755487261.144197 25.500222 -2.048175 0.367792 0.010445 0.017510 0.052369 0.998420
1755487261.163783 25.504197 -2.047455 0.368400 0.010236 0.017572 0.052718 0.998402
1755487261.244600 25.601105 -2.028127 0.375437 0.005956 0.023303 0.056218 0.998129
1755487261.263454 25.609909 -2.026224 0.376922 0.005875 0.024203 0.056354 0.998100
1755487261.342984 25.705783 -2.010961 0.377674 0.005451 0.030860 0.060569 0.997672
1755487261.363111 25.711780 -2.009620 0.377940 0.005594 0.031273 0.060664 0.997653
1755487261.444597 25.810977 -1.993143 0.368808 0.005277 0.036770 0.059355 0.997546
1755487261.462858 25.820092 -1.991125 0.368730 0.005176 0.037300 0.058804 0.997559
1755487261.544727 25.917630 -1.968254 0.356497 0.002468 0.038336 0.055041 0.997745
1755487261.563406 25.921218 -1.966944 0.356780 0.002438 0.038388 0.054882 0.997752
1755487261.643852 26.015536 -1.944212 0.353754 0.003900 0.032434 0.063086 0.997473
1755487261.663284 26.015585 -1.944267 0.354175 0.003885 0.032463 0.063091 0.997472
1755487261.743939 26.109129 -1.923410 0.364182 0.006318 0.025336 0.058522 0.997945
1755487261.762948 26.130467 -1.918294 0.366697 0.005923 0.025180 0.055478 0.998125
1755487261.843671 26.221944 -1.902300 0.375465 0.004033 0.023109 0.040328 0.998911
1755487261.862972 26.230223 -1.900854 0.377023 0.004046 0.023411 0.039001 0.998957
1755487261.943094 26.325336 -1.894171 0.379841 0.004057 0.027034 0.024248 0.999332
1755487261.964511 26.331465 -1.893626 0.380118 0.004250 0.027420 0.023575 0.999337
1755487262.043261 26.426411 -1.894475 0.373541 0.005614 0.032310 0.015207 0.999346
1755487262.063040 26.449325 -1.895004 0.372236 0.006112 0.033950 0.014293 0.999303
1755487262.144453 26.544658 -1.905481 0.361724 0.008151 0.034176 0.010402 0.999328
1755487262.163213 26.547797 -1.905961 0.361722 0.008311 0.034223 0.010366 0.999326
1755487262.244061 26.639607 -1.921669 0.356865 0.010647 0.025241 0.017271 0.999475
1755487262.263070 26.660096 -1.924631 0.358965 0.011160 0.023661 0.017834 0.999499
1755487262.343920 26.745667 -1.937326 0.369657 0.010781 0.018754 0.019178 0.999582
1755487262.362410 26.749873 -1.937730 0.370780 0.010896 0.018612 0.019490 0.999577
1755487262.443337 26.834897 -1.946274 0.381817 0.010802 0.016592 0.031106 0.999320
1755487262.462275 26.855330 -1.947291 0.385632 0.010931 0.017741 0.032729 0.999247
1755487262.544032 26.945215 -1.954033 0.394117 0.011150 0.020484 0.037236 0.999034
1755487262.562917 26.966020 -1.955046 0.394970 0.011475 0.021919 0.038332 0.998959
1755487262.643726 27.053665 -1.959646 0.389540 0.011418 0.023573 0.037652 0.998948
1755487262.663478 27.071707 -1.958712 0.388739 0.010882 0.024783 0.035829 0.998991
1755487262.743605 27.166383 -1.954750 0.377394 0.006871 0.024120 0.029129 0.999261
1755487262.762549 27.186979 -1.952669 0.375643 0.005816 0.024416 0.027612 0.999304
1755487262.843637 27.275545 -1.942810 0.367921 0.001559 0.018863 0.022792 0.999561
1755487262.862918 27.283995 -1.941249 0.368078 0.001199 0.018093 0.022473 0.999583
1755487262.946048 27.370143 -1.929641 0.373663 -0.001779 0.007405 0.024578 0.999669
1755487262.964282 27.371900 -1.929053 0.374627 -0.001714 0.007321 0.024353 0.999675
1755487263.044608 27.453787 -1.920110 0.384394 -0.003667 0.001774 0.012012 0.999920
1755487263.063323 27.461470 -1.919021 0.386071 -0.003666 0.001831 0.010944 0.999932
1755487263.144763 27.550717 -1.919379 0.396104 -0.000570 0.004018 0.003418 0.999986
1755487263.163073 27.570953 -1.920063 0.398373 0.000767 0.005704 0.001458 0.999982
1755487263.243951 27.660441 -1.924967 0.398460 0.004807 0.009280 0.000611 0.999945
1755487263.263342 27.682010 -1.925932 0.397634 0.005492 0.010952 -0.000384 0.999925
1755487263.345718 27.774287 -1.933417 0.386183 0.008280 0.014308 -0.002266 0.999861
1755487263.365278 27.776794 -1.933775 0.386766 0.008403 0.014452 -0.002156 0.999858
1755487263.445117 27.867890 -1.944906 0.375650 0.012625 0.016910 -0.001688 0.999776
1755487263.465209 27.875627 -1.946156 0.375631 0.012983 0.017033 -0.001398 0.999770
1755487263.543285 27.964340 -1.957943 0.375760 0.016197 0.014120 -0.000838 0.999769
1755487263.563752 27.970306 -1.958700 0.376974 0.016363 0.014055 -0.000940 0.999767
1755487263.643698 28.060082 -1.964013 0.387832 0.015122 0.011335 -0.000347 0.999821
1755487263.663908 28.081952 -1.963724 0.390075 0.014318 0.012224 -0.001630 0.999821
1755487263.744689 28.168985 -1.960220 0.394070 0.008806 0.011686 0.000136 0.999893
1755487263.762962 28.172787 -1.960020 0.396210 0.008578 0.012081 0.000157 0.999890
1755487263.845420 28.262312 -1.955985 0.400207 0.004393 0.016124 -0.001053 0.999860
1755487263.865937 28.270790 -1.955913 0.402150 0.004287 0.016800 -0.001085 0.999849
1755487263.944705 28.354498 -1.951219 0.397966 0.001269 0.017536 -0.001648 0.999844
1755487263.963568 28.359647 -1.950913 0.399623 0.001080 0.017700 -0.001930 0.999841
1755487264.043994 28.444651 -1.941797 0.391488 -0.003335 0.015673 -0.006113 0.999853
1755487264.063254 28.448091 -1.942128 0.392729 -0.003546 0.015649 -0.006380 0.999851
1755487264.143916 28.532458 -1.931262 0.384920 -0.004665 0.006753 -0.002325 0.999964
1755487264.163376 28.536234 -1.930544 0.385840 -0.004628 0.006409 -0.001977 0.999967
1755487264.244432 28.620237 -1.919390 0.392494 -0.002711 -0.003188 0.008746 0.999953
1755487264.263408 28.629391 -1.919025 0.394624 -0.002687 -0.003355 0.008026 0.999959
1755487264.344055 28.713732 -1.908631 0.404109 -0.004541 -0.006825 -0.004256 0.999957
1755487264.362873 28.717286 -1.907860 0.406171 -0.004617 -0.006563 -0.004945 0.999956
1755487264.444266 28.807845 -1.905789 0.414692 -0.003858 -0.001186 -0.016317 0.999859
1755487264.463276 28.816737 -1.906548 0.416579 -0.003562 0.000142 -0.017206 0.999846
1755487264.545350 28.911004 -1.913680 0.414087 -0.000129 0.007046 -0.021677 0.999740
1755487264.563818 28.926299 -1.916098 0.413711 0.000315 0.009064 -0.021983 0.999717
1755487264.644409 29.020339 -1.930895 0.402428 0.003931 0.014905 -0.023683 0.999601
1755487264.662791 29.028815 -1.935244 0.402502 0.004066 0.015569 -0.023178 0.999602
1755487264.763945 29.143167 -1.959079 0.393176 0.008768 0.018615 -0.014784 0.999679
1755487264.844161 29.226186 -1.980421 0.393136 0.008952 0.013082 -0.016022 0.999746
1755487264.863142 29.245000 -1.984518 0.396373 0.008280 0.011923 -0.016116 0.999765
1755487264.943898 29.323984 -1.999915 0.408213 0.005311 0.009891 -0.014932 0.999825
1755487264.963517 29.327195 -2.001058 0.409981 0.005278 0.010058 -0.014396 0.999832
1755487265.043761 29.407509 -2.012560 0.419898 0.002793 0.012717 -0.005994 0.999897
1755487265.063251 29.427292 -2.015004 0.422984 0.002335 0.014848 -0.005397 0.999872
1755487265.144263 29.511482 -2.025743 0.424887 0.001339 0.020017 -0.003360 0.999793
1755487265.164822 29.515272 -2.026209 0.426161 0.001308 0.020530 -0.003322 0.999783
1755487265.244076 29.598836 -2.035090 0.418622 0.000493 0.025568 -0.005675 0.999657
1755487265.263381 29.619176 -2.036549 0.417018 0.000062 0.026963 -0.006976 0.999612
1755487265.344779 29.703036 -2.039605 0.408384 -0.001899 0.027893 -0.011646 0.999541
1755487265.363803 29.721940 -2.040127 0.406943 -0.002444 0.027983 -0.013206 0.999518
1755487265.445064 29.799410 -2.038376 0.401035 -0.003929 0.021389 -0.017100 0.999617
1755487265.463919 29.806099 -2.036856 0.400994 -0.003909 0.020672 -0.017384 0.999628
1755487265.544433 29.880511 -2.035250 0.406659 -0.003636 0.012321 -0.015653 0.999795
1755487265.562811 29.892805 -2.035087 0.408268 -0.003276 0.012210 -0.017870 0.999760
1755487265.645284 29.965991 -2.037048 0.414216 -0.003050 0.009455 -0.026416 0.999602
1755487265.663651 29.982416 -2.039049 0.416827 -0.002287 0.010576 -0.027792 0.999555
1755487265.744783 30.056908 -2.051142 0.424467 0.002407 0.012790 -0.031541 0.999418
1755487265.764797 30.075033 -2.054380 0.426204 0.003625 0.014678 -0.031465 0.999391
1755487265.844542 30.150834 -2.066711 0.423464 0.006898 0.016988 -0.028668 0.999421
1755487265.863801 30.168689 -2.069951 0.422264 0.007609 0.018407 -0.027407 0.999426
1755487265.944982 30.247989 -2.086786 0.411652 0.011395 0.021544 -0.020809 0.999486
1755487265.964361 30.247995 -2.087286 0.413733 0.011446 0.021715 -0.020748 0.999483
1755487266.044233 30.328839 -2.107347 0.402389 0.015785 0.025593 -0.008605 0.999511
1755487266.063515 30.348664 -2.112243 0.400655 0.016041 0.026321 -0.006471 0.999504
1755487266.145096 30.430645 -2.129736 0.398434 0.013774 0.024826 -0.008464 0.999561
1755487266.163331 30.431394 -2.129684 0.399223 0.013721 0.024894 -0.008516 0.999560
1755487266.244390 30.509676 -2.144877 0.408464 0.008476 0.020486 -0.007902 0.999723
1755487266.263209 30.527306 -2.147715 0.410951 0.007768 0.020921 -0.007680 0.999721
1755487266.344517 30.602795 -2.161905 0.420710 0.005274 0.019679 -0.006486 0.999771
1755487266.363576 30.605784 -2.162570 0.423081 0.005207 0.020029 -0.006480 0.999765
1755487266.443943 30.683949 -2.175963 0.432736 0.004570 0.023836 -0.003669 0.999699
1755487266.463187 30.702918 -2.178929 0.434388 0.004658 0.025849 -0.003340 0.999649
1755487266.544255 30.782628 -2.190591 0.433777 0.003842 0.028308 -0.004546 0.999582
1755487266.563860 30.802028 -2.192703 0.432723 0.003411 0.030069 -0.005549 0.999527
1755487266.644637 30.882625 -2.199944 0.424189 0.001384 0.031799 -0.010132 0.999442
1755487266.664383 30.902643 -2.201121 0.422367 0.000840 0.033277 -0.010876 0.999387
1755487266.744327 30.983221 -2.204561 0.415405 -0.000625 0.031113 -0.010500 0.999461
1755487266.763184 30.986535 -2.204418 0.416376 -0.000648 0.031124 -0.010536 0.999460
1755487266.845229 31.065583 -2.205714 0.419177 -0.002377 0.021928 -0.006093 0.999738
1755487266.866245 31.072508 -2.205415 0.421232 -0.002323 0.021833 -0.006120 0.999740
1755487266.946324 31.147883 -2.208153 0.431730 -0.002082 0.015367 -0.007553 0.999851
1755487266.964732 31.149656 -2.207821 0.433280 -0.002060 0.015459 -0.007760 0.999848
1755487267.044712 31.226700 -2.214596 0.440943 -0.001271 0.015446 -0.013348 0.999791
1755487267.064237 31.234626 -2.215938 0.442612 -0.000896 0.016347 -0.013648 0.999773
1755487267.146909 31.318595 -2.228588 0.447141 0.002418 0.020350 -0.013457 0.999699
1755487267.165442 31.320172 -2.229343 0.448571 0.002442 0.020538 -0.013364 0.999697
1755487267.244408 31.401204 -2.243530 0.445856 0.004983 0.024825 -0.011181 0.999617
1755487267.263513 31.410364 -2.245490 0.445753 0.005279 0.025439 -0.010546 0.999607
1755487267.344372 31.493362 -2.264407 0.440370 0.007250 0.027344 -0.004397 0.999590
1755487267.364048 31.513750 -2.269396 0.439201 0.007657 0.027731 -0.002309 0.999583
1755487267.444534 31.593195 -2.289960 0.435077 0.007247 0.023485 0.005797 0.999681
1755487267.466170 31.600941 -2.291605 0.434873 0.007015 0.022980 0.006167 0.999692
1755487267.547147 31.677048 -2.308136 0.440998 0.002477 0.014030 0.007874 0.999868
1755487267.564356 31.679248 -2.309135 0.442117 0.002376 0.014021 0.008139 0.999866
1755487267.646115 31.753898 -2.319075 0.451352 -0.005373 0.007711 0.012336 0.999880
1755487267.664381 31.759275 -2.320109 0.453317 -0.005487 0.008051 0.012966 0.999868
1755487267.745540 31.838411 -2.329281 0.463895 -0.008316 0.009510 0.020711 0.999706
1755487267.764796 31.857685 -2.331732 0.466335 -0.008492 0.011160 0.022320 0.999653
1755487267.846067 31.939772 -2.339653 0.467899 -0.008358 0.013998 0.028912 0.999449
1755487267.864383 31.957993 -2.341390 0.467879 -0.008174 0.015478 0.028945 0.999428
1755487267.945791 32.040819 -2.347453 0.460040 -0.007842 0.017557 0.029567 0.999378
1755487267.964505 32.058707 -2.348637 0.459285 -0.007774 0.018771 0.028667 0.999383
1755487268.044410 32.139656 -2.349515 0.449751 -0.008323 0.018678 0.024377 0.999494
1755487268.064241 32.157757 -2.348996 0.448648 -0.008366 0.018892 0.022668 0.999530
1755487268.145538 32.234576 -2.344954 0.440629 -0.008937 0.012600 0.016984 0.999736
1755487268.164237 32.250017 -2.343934 0.440681 -0.008709 0.010235 0.015598 0.999788
1755487268.245323 32.322396 -2.342713 0.445879 -0.005579 0.002707 0.020746 0.999766
1755487268.265076 32.338860 -2.342782 0.449265 -0.004340 0.001803 0.018270 0.999822
1755487268.344387 32.407869 -2.343769 0.455026 -0.002213 -0.000994 0.008626 0.999960
1755487268.363891 32.407310 -2.343267 0.456573 -0.002270 -0.000916 0.008571 0.999960
1755487268.444689 32.483419 -2.349089 0.462863 0.004355 0.003767 0.002923 0.999979
1755487268.464232 32.501620 -2.350548 0.464474 0.006117 0.006062 0.003285 0.999958
1755487268.545151 32.579303 -2.355896 0.461714 0.009722 0.012546 0.002468 0.999871
1755487268.564069 32.579282 -2.355983 0.463335 0.009690 0.012663 0.002470 0.999870
1755487268.645760 32.660169 -2.360446 0.455743 0.011890 0.021263 0.004509 0.999693
1755487268.664554 32.666574 -2.360881 0.455976 0.012106 0.022105 0.004943 0.999670
1755487268.746180 32.747891 -2.363939 0.447800 0.012366 0.027834 0.010410 0.999482
1755487268.765044 32.748494 -2.364544 0.448712 0.012413 0.027951 0.010470 0.999477
1755487268.846155 32.826410 -2.366640 0.443498 0.010876 0.026237 0.019023 0.999416
1755487268.865003 32.844446 -2.367212 0.443456 0.010817 0.025018 0.021489 0.999397
1755487268.945025 32.917477 -2.368832 0.450920 0.009822 0.017885 0.026070 0.999452
1755487268.964468 32.921007 -2.368929 0.452306 0.009739 0.017896 0.026370 0.999445
1755487269.044793 32.993791 -2.364772 0.462482 0.006011 0.014339 0.036798 0.999202
1755487269.064018 33.011956 -2.363569 0.464584 0.005288 0.014916 0.038871 0.999119
1755487269.145191 33.089712 -2.356564 0.471975 0.001678 0.017094 0.043434 0.998909
1755487269.164929 33.093499 -2.356257 0.473254 0.001551 0.017445 0.043490 0.998900
1755487269.244852 33.171624 -2.349093 0.474898 -0.001675 0.021808 0.044119 0.998787
1755487269.264307 33.179153 -2.348368 0.475016 -0.001844 0.022485 0.043663 0.998792
1755487269.345845 33.261644 -2.341359 0.469549 -0.004693 0.024700 0.038848 0.998929
1755487269.365512 33.264307 -2.340899 0.469437 -0.004718 0.024835 0.038593 0.998935
1755487269.445671 33.343680 -2.331913 0.461514 -0.006920 0.025056 0.032790 0.999124
1755487269.466054 33.350681 -2.330898 0.460501 -0.006950 0.024992 0.032378 0.999139
1755487269.544856 33.426414 -2.319051 0.455012 -0.008030 0.018746 0.029358 0.999361
1755487269.565561 33.429623 -2.318323 0.454457 -0.008005 0.018359 0.029215 0.999372
1755487269.645083 33.503630 -2.306419 0.460803 -0.007741 0.007368 0.030698 0.999472
1755487269.664953 33.511070 -2.305253 0.461967 -0.007345 0.007167 0.030108 0.999494
1755487269.745786 33.586725 -2.297331 0.467829 -0.005908 0.001018 0.022324 0.999733
1755487269.765424 33.589628 -2.297232 0.469506 -0.005835 0.001232 0.022019 0.999740
1755487269.845230 33.669606 -2.293586 0.473887 -0.003967 0.003329 0.012523 0.999908
1755487269.865136 33.677299 -2.293636 0.474875 -0.003677 0.004286 0.012138 0.999910
1755487269.944923 33.762938 -2.293002 0.473567 -0.001300 0.009492 0.010110 0.999903
1755487269.964236 33.767936 -2.293571 0.474273 -0.001085 0.010078 0.010221 0.999896
1755487270.045887 33.858991 -2.297450 0.465449 0.000910 0.016758 0.012611 0.999780
1755487270.064605 33.881210 -2.299121 0.463157 0.001615 0.018608 0.014457 0.999721
1755487270.146094 33.976361 -2.308923 0.451590 0.004487 0.023154 0.018451 0.999552
1755487270.164815 33.979082 -2.309455 0.451165 0.004602 0.023267 0.018609 0.999545
1755487270.264986 34.098276 -2.321022 0.445367 0.007363 0.024338 0.028657 0.999266
1755487270.344671 34.190262 -2.333675 0.451817 0.007896 0.021631 0.029139 0.999310
1755487270.363998 34.211817 -2.335266 0.455549 0.007366 0.021006 0.030543 0.999286
1755487270.445645 34.302400 -2.341759 0.464597 0.005189 0.020860 0.034532 0.999172
1755487270.464438 34.309464 -2.342146 0.465988 0.005185 0.021162 0.035552 0.999130
1755487270.545328 34.401567 -2.345694 0.472023 0.003671 0.026197 0.040941 0.998811
1755487270.564284 34.422611 -2.346039 0.473683 0.003445 0.028369 0.041937 0.998711
1755487270.645944 34.519839 -2.347158 0.472602 0.003161 0.034635 0.044471 0.998405
1755487270.664280 34.540319 -2.347274 0.471849 0.003012 0.036366 0.044478 0.998344
1755487270.745553 34.631925 -2.345469 0.462421 0.001776 0.039231 0.040840 0.998394
1755487270.764209 34.651697 -2.344330 0.460375 0.001445 0.039992 0.039546 0.998416
1755487270.846132 34.739509 -2.337068 0.449323 -0.000851 0.038949 0.033102 0.998692
1755487270.864685 34.757308 -2.334841 0.448148 -0.001259 0.038396 0.032016 0.998749
1755487270.945659 34.837854 -2.325935 0.445747 -0.002088 0.030157 0.030613 0.999074
1755487270.965229 34.836334 -2.326026 0.445096 -0.002075 0.030078 0.030657 0.999075
1755487271.045420 34.915594 -2.318596 0.453691 0.000573 0.022237 0.031979 0.999241
1755487271.064367 34.921242 -2.317936 0.455313 0.000537 0.022206 0.031183 0.999267
1755487271.145544 35.001720 -2.314251 0.462472 0.000598 0.020396 0.016408 0.999657
1755487271.165746 35.003704 -2.314227 0.464237 0.000678 0.020667 0.016041 0.999658
1755487271.246089 35.090002 -2.319209 0.468147 0.004636 0.024980 0.006526 0.999656
1755487271.264240 35.090012 -2.319179 0.469863 0.004622 0.025136 0.006475 0.999652
1755487271.345556 35.179062 -2.328838 0.466994 0.008317 0.030568 0.000527 0.999498
1755487271.364663 35.183024 -2.329823 0.467913 0.008463 0.031035 0.000513 0.999482
1755487271.445636 35.271197 -2.345832 0.459931 0.012139 0.033220 -0.003580 0.999368
1755487271.465038 35.291959 -2.350039 0.457545 0.012402 0.033185 -0.002808 0.999368
1755487271.546258 35.373644 -2.367336 0.451946 0.012724 0.026687 -0.000880 0.999562
1755487271.565703 35.393590 -2.370398 0.452601 0.011336 0.025108 -0.003508 0.999614
1755487271.646308 35.472035 -2.383060 0.462785 0.007311 0.019376 -0.008254 0.999751
1755487271.665155 35.490847 -2.385555 0.464839 0.006712 0.018910 -0.007527 0.999770
1755487271.745853 35.565610 -2.393347 0.472950 0.004388 0.014948 -0.002471 0.999876
1755487271.764601 35.584049 -2.394048 0.475793 0.003427 0.015414 -0.002121 0.999873
1755487271.846250 35.662546 -2.395891 0.488455 0.000375 0.015940 -0.001206 0.999872
1755487271.864690 35.668854 -2.396160 0.488995 0.000235 0.016200 -0.001037 0.999868
1755487271.945556 35.748213 -2.397327 0.490411 -0.001736 0.016639 -0.002849 0.999856
1755487271.964840 35.767683 -2.397670 0.489029 -0.002258 0.017343 -0.004196 0.999838
1755487272.046096 35.853240 -2.396976 0.478874 -0.004108 0.017642 -0.014491 0.999731
1755487272.065258 35.859375 -2.397142 0.478274 -0.004277 0.017794 -0.015220 0.999717
1755487272.145110 35.942940 -2.393388 0.469241 -0.006005 0.014613 -0.022056 0.999632
1755487272.164279 35.962648 -2.392071 0.468114 -0.006343 0.013069 -0.022660 0.999638
1755487272.245447 36.047296 -2.383364 0.474745 -0.005819 0.006334 -0.018102 0.999799
1755487272.264859 36.067437 -2.381749 0.478064 -0.005509 0.005632 -0.020735 0.999754
1755487272.345625 36.150600 -2.374652 0.487503 -0.005747 0.004149 -0.031348 0.999483
1755487272.365141 36.154042 -2.374800 0.488864 -0.005707 0.004414 -0.031847 0.999467
1755487272.445422 36.241973 -2.375005 0.493220 -0.001857 0.009447 -0.038399 0.999216
1755487272.464805 36.250176 -2.375599 0.494073 -0.001465 0.010487 -0.038797 0.999191
1755487272.546272 36.344072 -2.380259 0.490867 0.004059 0.018033 -0.037443 0.999128
1755487272.565288 36.366498 -2.381676 0.488828 0.004792 0.020310 -0.036236 0.999125
1755487272.645756 36.461399 -2.388544 0.476108 0.009195 0.025831 -0.032311 0.999102
1755487272.664569 36.483461 -2.390725 0.472897 0.009926 0.027116 -0.030726 0.999111
1755487272.745826 36.578480 -2.399526 0.459929 0.013402 0.028061 -0.025191 0.999199
1755487272.764407 36.600050 -2.401652 0.457573 0.013725 0.028156 -0.022698 0.999252
1755487272.845588 36.691787 -2.407728 0.456024 0.015869 0.021841 -0.016577 0.999498
1755487272.865285 36.714095 -2.408052 0.459009 0.014970 0.021484 -0.017396 0.999506
1755487272.945254 36.801549 -2.405346 0.470446 0.010627 0.019167 -0.017014 0.999615
1755487272.964971 36.821697 -2.403771 0.472569 0.008930 0.018798 -0.015973 0.999656
1755487273.046238 36.907195 -2.398113 0.482397 0.004584 0.018892 -0.011656 0.999743
1755487273.065106 36.927239 -2.397250 0.484648 0.003605 0.020361 -0.011621 0.999719
1755487273.145808 37.014346 -2.393757 0.491639 0.001330 0.023190 -0.010305 0.999677
1755487273.165006 37.034430 -2.393454 0.492067 0.000733 0.024774 -0.009497 0.999648
1755487273.245553 37.118707 -2.390024 0.487462 -0.000709 0.025621 -0.010488 0.999616
1755487273.264900 37.138411 -2.389474 0.485563 -0.001349 0.026516 -0.011334 0.999583
1755487273.345910 37.224390 -2.383596 0.474061 -0.002783 0.024934 -0.015517 0.999565
1755487273.365175 37.244473 -2.382342 0.471663 -0.003262 0.025066 -0.016117 0.999551
1755487273.446290 37.329879 -2.373665 0.463893 -0.003836 0.017272 -0.018428 0.999674
1755487273.464760 37.335752 -2.373451 0.464746 -0.003820 0.016848 -0.017983 0.999689
1755487273.546877 37.419841 -2.365818 0.473025 -0.002653 0.009425 -0.015764 0.999828
1755487273.565187 37.438412 -2.364921 0.475310 -0.002430 0.009251 -0.017714 0.999797
1755487273.665823 37.543462 -2.363215 0.484787 -0.002615 0.011997 -0.031470 0.999429
1755487273.746000 37.630254 -2.368938 0.492230 0.000823 0.017191 -0.038055 0.999127
1755487273.765611 37.650785 -2.371166 0.493059 0.001504 0.020021 -0.038506 0.999057
1755487273.845887 37.737058 -2.379815 0.488406 0.003960 0.025825 -0.039219 0.998889
1755487273.865301 37.742994 -2.381024 0.489247 0.004145 0.026908 -0.039077 0.998865
1755487273.947822 37.832580 -2.395139 0.478601 0.007866 0.032747 -0.037524 0.998728
1755487273.967188 37.832897 -2.396114 0.479729 0.007926 0.032920 -0.037413 0.998726
1755487274.048361 37.917940 -2.413692 0.469971 0.012743 0.032626 -0.030704 0.998915
1755487274.068708 37.922318 -2.415651 0.469291 0.012977 0.032358 -0.029737 0.998950
1755487274.146785 37.997793 -2.432140 0.470367 0.015041 0.022499 -0.026798 0.999274
1755487274.164976 38.014390 -2.435654 0.472358 0.014684 0.020974 -0.023858 0.999387
1755487274.246340 38.090463 -2.446673 0.483029 0.013035 0.014427 -0.018526 0.999639
1755487274.266414 38.107863 -2.448897 0.485781 0.012146 0.013691 -0.015205 0.999717
1755487274.346709 38.181301 -2.455456 0.498662 0.010731 0.011392 -0.008227 0.999844
1755487274.365321 38.183960 -2.455936 0.501071 0.010684 0.011710 -0.008090 0.999842
1755487274.445963 38.259229 -2.458917 0.508525 0.008437 0.012099 -0.005462 0.999876
1755487274.464700 38.276370 -2.459714 0.509205 0.007602 0.013216 -0.006324 0.999864
1755487274.547164 38.355011 -2.459749 0.506467 0.005017 0.013394 -0.012365 0.999821
1755487274.566582 38.356453 -2.459474 0.507966 0.004922 0.013604 -0.012626 0.999816
1755487274.647296 38.435160 -2.456456 0.500852 0.001916 0.013138 -0.020430 0.999703
1755487274.665894 38.440396 -2.455952 0.501054 0.001731 0.013293 -0.021082 0.999688
1755487274.746545 38.521510 -2.450597 0.493835 0.001140 0.008032 -0.025960 0.999630
1755487274.765325 38.524293 -2.450270 0.493869 0.001051 0.007767 -0.026155 0.999627
1755487274.847069 38.609180 -2.444405 0.497346 0.002355 -0.000043 -0.024102 0.999707
1755487274.866134 38.614743 -2.443629 0.498552 0.002503 0.000029 -0.024938 0.999686
1755487274.947601 38.700461 -2.440052 0.504636 0.003607 -0.000864 -0.037443 0.999292
1755487274.964885 38.717793 -2.440059 0.506202 0.003503 0.000523 -0.040349 0.999179
1755487275.048215 38.810712 -2.442260 0.512630 0.005058 0.005416 -0.051407 0.998650
1755487275.065423 38.815137 -2.442754 0.514064 0.005160 0.006103 -0.051958 0.998617
1755487275.148824 38.907650 -2.447964 0.512905 0.005810 0.012477 -0.059095 0.998157
1755487275.165527 38.906802 -2.448454 0.514107 0.005773 0.012644 -0.059100 0.998155
1755487275.246879 38.995314 -2.457007 0.505875 0.007069 0.017129 -0.060471 0.997998
1755487275.267408 39.001702 -2.458282 0.505731 0.007309 0.017500 -0.060251 0.998003
1755487275.365521 39.106366 -2.476105 0.498219 0.010786 0.017278 -0.058154 0.998100
1755487275.446031 39.187495 -2.494109 0.494255 0.014363 0.010378 -0.053031 0.998436
1755487275.465506 39.206329 -2.498752 0.496533 0.014871 0.008504 -0.051844 0.998508
1755487275.546648 39.286561 -2.512384 0.508864 0.016589 0.001569 -0.043341 0.998921
1755487275.565640 39.286173 -2.513734 0.508539 0.016531 0.001541 -0.043157 0.998930
1755487275.646321 39.366815 -2.520513 0.519739 0.014688 -0.002173 -0.032372 0.999366
1755487275.666147 39.373518 -2.520973 0.521505 0.014600 -0.001591 -0.031795 0.999386
1755487275.747263 39.459365 -2.526046 0.530641 0.011880 0.001789 -0.027801 0.999541
1755487275.765901 39.459147 -2.526908 0.531807 0.011958 0.001940 -0.027646 0.999544
1755487275.846819 39.546598 -2.532012 0.531255 0.011156 0.004816 -0.025097 0.999611
1755487275.866156 39.553198 -2.532373 0.531197 0.010897 0.005184 -0.025394 0.999605
1755487275.946624 39.642060 -2.534360 0.523998 0.008653 0.007700 -0.031939 0.999423
1755487275.965761 39.662966 -2.534651 0.522519 0.007746 0.008021 -0.033266 0.999384
1755487276.046845 39.751458 -2.532955 0.512452 0.006673 0.007232 -0.038385 0.999215
1755487276.067704 39.756553 -2.533000 0.511664 0.006487 0.006879 -0.038704 0.999206
1755487276.146766 39.839923 -2.531123 0.507755 0.007366 0.000849 -0.039184 0.999205
1755487276.165743 39.859423 -2.531266 0.508699 0.007598 -0.000063 -0.038738 0.999221
1755487276.246702 39.943870 -2.531951 0.511373 0.008324 -0.000906 -0.049585 0.998735
1755487276.266068 39.963790 -2.532940 0.512850 0.008397 0.000009 -0.052424 0.998590
1755487276.347115 40.051254 -2.542920 0.520515 0.011983 0.004440 -0.061572 0.998021
1755487276.366663 40.071772 -2.546475 0.523162 0.013194 0.006563 -0.063080 0.997900
1755487276.447140 40.160639 -2.561736 0.525601 0.017710 0.011875 -0.067683 0.997479
1755487276.467181 40.160159 -2.561652 0.527775 0.017797 0.012076 -0.067688 0.997475
1755487276.547249 40.243003 -2.577129 0.520651 0.020886 0.016802 -0.070555 0.997148
1755487276.565646 40.261137 -2.580920 0.518850 0.021430 0.017903 -0.070037 0.997153
1755487276.646851 40.341275 -2.599261 0.507802 0.023828 0.018524 -0.071200 0.997005
1755487276.664975 40.358600 -2.603806 0.506193 0.024263 0.018770 -0.071092 0.996998
1755487276.747444 40.435589 -2.625182 0.500470 0.027580 0.014446 -0.063036 0.997526
1755487276.765779 40.435752 -2.626164 0.500929 0.027676 0.014325 -0.062494 0.997559
1755487276.846281 40.509400 -2.643515 0.508802 0.029212 0.008129 -0.051771 0.998199
1755487276.865458 40.525899 -2.646530 0.512022 0.028615 0.008197 -0.049263 0.998342
1755487276.946502 40.596172 -2.652666 0.519440 0.024043 0.004491 -0.040981 0.998860
1755487276.965859 40.613307 -2.653888 0.521812 0.023228 0.005217 -0.037373 0.999018
1755487277.047054 40.689480 -2.657346 0.531808 0.020386 0.008815 -0.030879 0.999276
1755487277.066016 40.694543 -2.657733 0.533666 0.020235 0.009662 -0.030423 0.999286
1755487277.146358 40.772430 -2.658858 0.536211 0.016771 0.015032 -0.027091 0.999379
1755487277.165474 40.784244 -2.659148 0.536116 0.016207 0.016540 -0.027471 0.999354
1755487277.247004 40.862906 -2.658276 0.528662 0.012310 0.019690 -0.031611 0.999230
1755487277.265910 40.868054 -2.658414 0.528511 0.012002 0.020271 -0.031796 0.999217
1755487277.347131 40.946403 -2.654910 0.519163 0.008481 0.020462 -0.034650 0.999154
1755487277.365757 40.963363 -2.653637 0.517875 0.007240 0.020178 -0.035237 0.999149
1755487277.446737 41.038102 -2.644959 0.516633 0.003734 0.012854 -0.035409 0.999283
1755487277.468259 41.044339 -2.644485 0.517810 0.003420 0.012645 -0.035021 0.999301
1755487277.547571 41.121200 -2.638729 0.529965 0.001924 0.008391 -0.038224 0.999232
1755487277.565829 41.122892 -2.638445 0.531754 0.001952 0.008626 -0.038456 0.999221
1755487277.646782 41.202829 -2.637117 0.540687 0.000463 0.010229 -0.046231 0.998878
1755487277.666455 41.209111 -2.637133 0.542185 0.000538 0.011049 -0.046843 0.998841
1755487277.746782 41.293143 -2.643687 0.547153 0.002365 0.017553 -0.053482 0.998412
1755487277.765609 41.313176 -2.645632 0.546913 0.002599 0.019757 -0.054046 0.998340
1755487277.847715 41.401664 -2.657938 0.540122 0.004629 0.025339 -0.055705 0.998115
1755487277.866394 41.407482 -2.659560 0.539706 0.004841 0.026018 -0.055442 0.998111
1755487277.947129 41.494174 -2.678970 0.527060 0.009524 0.029372 -0.052921 0.998121
1755487277.966587 41.496732 -2.680259 0.526769 0.009584 0.029443 -0.052726 0.998129
1755487278.047060 41.578745 -2.703313 0.516103 0.013628 0.025921 -0.050349 0.998302
1755487278.065469 41.596922 -2.708920 0.514914 0.014204 0.024295 -0.047788 0.998461
1755487278.146583 41.679567 -2.733285 0.518830 0.016037 0.016182 -0.044830 0.998735
1755487278.165470 41.699010 -2.738034 0.522310 0.016151 0.015315 -0.041899 0.998874
1755487278.247099 41.785962 -2.754636 0.535790 0.015315 0.014511 -0.035389 0.999151
1755487278.266235 41.792197 -2.755974 0.536447 0.014904 0.014512 -0.034473 0.999189
1755487278.347956 41.879959 -2.763924 0.547124 0.010034 0.015937 -0.029558 0.999386
1755487278.366376 41.900254 -2.765428 0.549336 0.009168 0.017545 -0.029923 0.999356
1755487278.446672 41.989813 -2.771916 0.554411 0.005390 0.020442 -0.032488 0.999249
1755487278.466517 42.011911 -2.773822 0.554087 0.004641 0.022086 -0.033739 0.999176
1755487278.546287 42.103609 -2.777932 0.547730 0.000906 0.024075 -0.041367 0.998854
1755487278.565863 42.125971 -2.778931 0.545490 -0.000119 0.025432 -0.044145 0.998701
1755487278.647525 42.221864 -2.779641 0.535945 -0.003112 0.026781 -0.051061 0.998332
1755487278.666465 42.243701 -2.780055 0.534589 -0.003722 0.027206 -0.051856 0.998277
1755487278.747528 42.333505 -2.777978 0.533022 -0.005804 0.020780 -0.052344 0.998396
1755487278.766151 42.350126 -2.777851 0.535088 -0.006190 0.020211 -0.051428 0.998453
1755487278.847097 42.437954 -2.779255 0.546939 -0.004500 0.017752 -0.053814 0.998383
1755487278.866592 42.444127 -2.779294 0.548199 -0.004478 0.017934 -0.054228 0.998357
1755487278.947748 42.531260 -2.785486 0.556392 -0.002893 0.020242 -0.061760 0.997882
1755487278.967072 42.551446 -2.787946 0.559021 -0.001984 0.022091 -0.061289 0.997874
1755487279.047403 42.639302 -2.799910 0.564600 0.002108 0.028292 -0.063013 0.997609
1755487279.066373 42.659519 -2.802681 0.564782 0.002664 0.030206 -0.062207 0.997603
1755487279.147901 42.745710 -2.815198 0.556613 0.004915 0.036083 -0.061643 0.997434
1755487279.167026 42.765102 -2.818533 0.554200 0.005357 0.037880 -0.060800 0.997417
1755487279.248184 42.848848 -2.835272 0.541426 0.009057 0.041326 -0.054975 0.997591
1755487279.267043 42.867454 -2.839418 0.539071 0.009823 0.041944 -0.052892 0.997671
1755487279.347819 42.943965 -2.857401 0.529412 0.013643 0.038726 -0.043149 0.998225
1755487279.367171 42.960469 -2.861494 0.528644 0.014178 0.036749 -0.039851 0.998429
1755487279.446705 43.028617 -2.874903 0.532741 0.014397 0.028236 -0.038910 0.998740
1755487279.467791 43.046295 -2.877454 0.535807 0.014021 0.027345 -0.035682 0.998891
1755487279.547241 43.112983 -2.883184 0.544674 0.012398 0.024331 -0.028419 0.999223
1755487279.566419 43.130340 -2.883803 0.547808 0.011935 0.025115 -0.026605 0.999259
1755487279.647643 43.204421 -2.885019 0.559060 0.009796 0.029051 -0.024972 0.999218
1755487279.666705 43.222212 -2.885286 0.561117 0.009366 0.030916 -0.024850 0.999169
1755487279.748595 43.299337 -2.886251 0.561775 0.007884 0.035389 -0.026838 0.998982
1755487279.768208 43.317147 -2.886210 0.560737 0.007387 0.037004 -0.028062 0.998894
1755487279.848113 43.387947 -2.884666 0.552694 0.005092 0.039011 -0.036176 0.998571
1755487279.867023 43.404476 -2.883726 0.550933 0.004410 0.039837 -0.037937 0.998476
1755487279.948257 43.473326 -2.877109 0.543348 0.001877 0.037914 -0.045177 0.998258
1755487279.968129 43.489272 -2.875268 0.541973 0.001453 0.037283 -0.046316 0.998230
1755487280.048502 43.548634 -2.866511 0.537416 0.000837 0.025869 -0.047704 0.998526
1755487280.067857 43.562463 -2.864760 0.538451 0.001132 0.023820 -0.045491 0.998680
1755487280.149302 43.618763 -2.859585 0.546120 0.004722 0.014570 -0.040063 0.999080
1755487280.169108 43.632883 -2.858641 0.547897 0.005252 0.013637 -0.041172 0.999045
1755487280.247617 43.688203 -2.857325 0.553828 0.006526 0.010604 -0.046398 0.998845
1755487280.267231 43.703339 -2.857963 0.556368 0.007228 0.011403 -0.047353 0.998787
1755487280.347899 43.769103 -2.861431 0.564399 0.009685 0.013346 -0.053128 0.998452
1755487280.367327 43.785066 -2.862098 0.565268 0.009920 0.014740 -0.053963 0.998385
1755487280.447590 43.851479 -2.864282 0.562251 0.009314 0.016698 -0.057261 0.998176
1755487280.466590 43.867407 -2.865290 0.560713 0.009290 0.017731 -0.057583 0.998140
1755487280.547658 43.935995 -2.873232 0.551759 0.011004 0.018875 -0.055312 0.998230
1755487280.566839 43.952496 -2.876133 0.549994 0.011730 0.019622 -0.054605 0.998246
1755487280.648122 44.021726 -2.891289 0.542148 0.015238 0.017883 -0.049798 0.998483
1755487280.667755 44.037989 -2.895189 0.540705 0.016072 0.017292 -0.048164 0.998560
1755487280.748590 44.103286 -2.909880 0.536922 0.018697 0.007787 -0.040116 0.998990
1755487280.767255 44.117901 -2.912742 0.537812 0.019061 0.005675 -0.040142 0.998996
1755487280.848654 44.185057 -2.919992 0.551830 0.017142 -0.003753 -0.035915 0.999201
1755487280.869053 44.202217 -2.919939 0.556059 0.015633 -0.004150 -0.036603 0.999199
1755487280.948919 44.270565 -2.915936 0.567869 0.009344 -0.008301 -0.034094 0.999340
1755487280.967980 44.287781 -2.914762 0.571109 0.007959 -0.007324 -0.034199 0.999357
1755487281.049128 44.364635 -2.912240 0.581495 0.002846 -0.005027 -0.036619 0.999313
1755487281.069630 44.384330 -2.912443 0.583387 0.002310 -0.003383 -0.036720 0.999317
1755487281.148581 44.460071 -2.913849 0.582711 0.000588 -0.000088 -0.038589 0.999255
1755487281.169396 44.480068 -2.914562 0.581515 0.000177 0.001445 -0.039926 0.999202
1755487281.249026 44.557837 -2.917303 0.572175 -0.000829 0.003452 -0.045054 0.998978
1755487281.267076 44.575701 -2.917816 0.570258 -0.000738 0.004431 -0.045502 0.998954
1755487281.348397 44.655104 -2.919459 0.560900 -0.000150 0.004626 -0.048858 0.998795
1755487281.367849 44.673977 -2.919455 0.559349 -0.000029 0.004611 -0.049665 0.998755
1755487281.449672 44.751243 -2.918014 0.559690 0.000439 -0.001382 -0.048398 0.998827
1755487281.467768 44.768585 -2.918038 0.562114 0.001007 -0.001549 -0.047120 0.998888
1755487281.549112 44.842901 -2.919750 0.571689 0.003621 -0.003351 -0.051213 0.998676
1755487281.567877 44.861020 -2.920087 0.573319 0.003712 -0.002665 -0.053154 0.998576
1755487281.647913 44.935592 -2.926514 0.578239 0.005925 0.000288 -0.060042 0.998178
1755487281.667200 44.955531 -2.929075 0.579933 0.007230 0.002275 -0.060807 0.998121
1755487281.748007 45.033679 -2.941556 0.580706 0.011661 0.008127 -0.064562 0.997812
1755487281.767302 45.053927 -2.944260 0.579998 0.012488 0.010092 -0.064169 0.997810
1755487281.848083 45.130038 -2.954901 0.571740 0.014300 0.014899 -0.063530 0.997766
1755487281.867694 45.148173 -2.957620 0.569435 0.014898 0.016580 -0.062376 0.997804
1755487281.948943 45.225092 -2.969586 0.558995 0.016718 0.019298 -0.056507 0.998076
1755487281.968069 45.243526 -2.972287 0.556785 0.016947 0.020244 -0.055104 0.998132
1755487282.049606 45.319767 -2.983794 0.550167 0.016835 0.018910 -0.050681 0.998394
1755487282.067195 45.336555 -2.986159 0.549607 0.016786 0.018203 -0.048952 0.998494
1755487282.147984 45.407510 -2.994780 0.554405 0.014716 0.011350 -0.048574 0.998647
1755487282.166848 45.424429 -2.995990 0.557594 0.014035 0.009943 -0.047969 0.998701
1755487282.267500 45.512244 -2.998616 0.570885 0.008044 0.005688 -0.040897 0.999115
1755487282.347636 45.583253 -2.998228 0.578971 0.004941 0.006320 -0.035329 0.999344
1755487282.366685 45.600619 -2.998500 0.581385 0.004555 0.007765 -0.034431 0.999367
1755487282.449023 45.677333 -3.000512 0.586114 0.002846 0.011041 -0.032615 0.999403
1755487282.468269 45.695147 -3.001067 0.586222 0.002677 0.012493 -0.033056 0.999372
1755487282.548948 45.771106 -3.004071 0.581672 0.001237 0.015161 -0.036910 0.999203
1755487282.568143 45.789132 -3.004652 0.580058 0.001036 0.016355 -0.038555 0.999122
1755487282.648665 45.865911 -3.006121 0.570289 0.000187 0.017364 -0.045221 0.998826
1755487282.668422 45.884361 -3.006215 0.568056 0.000220 0.017929 -0.046677 0.998749
1755487282.749084 45.958153 -3.005408 0.559764 0.000195 0.012659 -0.050938 0.998622
1755487282.768087 45.958783 -3.006499 0.560852 0.000289 0.012782 -0.050754 0.998629
1755487282.848848 46.031487 -3.006568 0.564808 0.003547 0.007106 -0.047937 0.998819
1755487282.867255 46.036501 -3.006334 0.566050 0.003937 0.007449 -0.048502 0.998788
1755487282.948507 46.109440 -3.007887 0.572351 0.003969 0.006385 -0.058410 0.998264
1755487282.967257 46.126365 -3.009002 0.574454 0.004493 0.007777 -0.060048 0.998155
1755487283.048301 46.202134 -3.017749 0.583678 0.007073 0.011053 -0.066313 0.997713
1755487283.067296 46.208279 -3.018447 0.584927 0.007374 0.011856 -0.066774 0.997670
1755487283.149317 46.287861 -3.028584 0.586329 0.008532 0.016408 -0.071312 0.997283
1755487283.168073 46.306280 -3.031324 0.585519 0.008797 0.017899 -0.071917 0.997211
1755487283.248686 46.385250 -3.044843 0.579104 0.010723 0.020805 -0.069554 0.997304
1755487283.268078 46.404626 -3.048603 0.577301 0.011243 0.021701 -0.068752 0.997334
1755487283.348438 46.478968 -3.063055 0.569483 0.011675 0.020674 -0.066142 0.997528
1755487283.369792 46.497875 -3.066735 0.568132 0.011134 0.019797 -0.064820 0.997638
1755487283.449315 46.565733 -3.078340 0.569518 0.009196 0.013208 -0.060971 0.998010
1755487283.468533 46.581065 -3.080966 0.571765 0.008550 0.011707 -0.058303 0.998194
1755487283.548664 46.643228 -3.087420 0.583923 0.005665 0.006447 -0.051274 0.998648
1755487283.567309 46.643930 -3.087525 0.584985 0.005719 0.006565 -0.051145 0.998653
1755487283.648375 46.707499 -3.088354 0.597726 0.000756 0.004658 -0.042616 0.999080
1755487283.667217 46.723606 -3.088788 0.600788 0.000240 0.005475 -0.040748 0.999154
1755487283.747405 46.792548 -3.089832 0.607728 -0.001535 0.007681 -0.033835 0.999397
1755487283.766073 46.809131 -3.090355 0.608442 -0.001642 0.008875 -0.032841 0.999420
1755487283.847159 46.881286 -3.090675 0.604264 -0.003177 0.011626 -0.031651 0.999426
1755487283.865905 46.898600 -3.090521 0.602981 -0.003461 0.012773 -0.032230 0.999393
1755487283.947550 46.972237 -3.089003 0.593398 -0.004784 0.013163 -0.034154 0.999318
1755487283.967043 46.989955 -3.088454 0.591701 -0.004883 0.013606 -0.034854 0.999288
1755487284.048188 47.059810 -3.084981 0.581841 -0.005483 0.010002 -0.039023 0.999173
1755487284.067296 47.076885 -3.084919 0.580782 -0.005406 0.009519 -0.038930 0.999182
1755487284.148607 47.144956 -3.084845 0.583191 -0.002700 0.006294 -0.037864 0.999259
1755487284.167772 47.161629 -3.085320 0.585355 -0.001849 0.007226 -0.040706 0.999143
1755487284.246033 47.224166 -3.087171 0.589999 -0.001319 0.009229 -0.052120 0.998597
1755487284.266999 47.243257 -3.088908 0.592201 -0.000856 0.011153 -0.054134 0.998471
1755487284.349802 47.312674 -3.096933 0.599931 0.000186 0.018053 -0.067255 0.997572
1755487284.368551 47.328385 -3.099362 0.601445 0.000528 0.020387 -0.069464 0.997376
1755487284.448278 47.393459 -3.108980 0.601058 0.001482 0.026616 -0.074872 0.996837
1755487284.467482 47.408033 -3.112011 0.600701 0.001939 0.028458 -0.074856 0.996786
1755487284.548774 47.468924 -3.124403 0.594774 0.003511 0.031898 -0.076341 0.996565
1755487284.567854 47.482232 -3.127488 0.593549 0.003784 0.032850 -0.076497 0.996521
1755487284.648283 47.538121 -3.142830 0.588582 0.005199 0.032108 -0.074777 0.996670
1755487284.667463 47.551270 -3.147306 0.589024 0.006012 0.032287 -0.073291 0.996770
1755487284.748043 47.608095 -3.164696 0.604416 0.007457 0.031005 -0.075160 0.996661
1755487284.768145 47.622871 -3.168435 0.613139 0.006893 0.031016 -0.076460 0.996566
1755487284.848152 47.680862 -3.179047 0.661471 0.004167 0.031739 -0.079716 0.996303
1755487284.868433 47.694986 -3.181588 0.674224 0.003566 0.033259 -0.078150 0.996380
1755487284.948648 47.746577 -3.191368 0.715475 0.004969 0.036401 -0.071189 0.996786
1755487284.968572 47.758755 -3.193866 0.724662 0.005652 0.037185 -0.068602 0.996935
1755487285.047632 47.805775 -3.202406 0.758963 0.008737 0.040914 -0.060629 0.997283
1755487285.068190 47.817784 -3.204106 0.767046 0.009878 0.042586 -0.057295 0.997400
1755487285.149265 47.863386 -3.207862 0.793807 0.012172 0.045238 -0.047420 0.997776
1755487285.169188 47.864270 -3.206915 0.794824 0.012338 0.045417 -0.047606 0.997757
1755487285.248160 47.907424 -3.204982 0.813514 0.011272 0.046065 -0.047417 0.997749
1755487285.266792 47.917491 -3.203950 0.816894 0.010891 0.046196 -0.048217 0.997709
1755487285.349782 47.961008 -3.198630 0.830473 0.009838 0.042150 -0.052073 0.997705
1755487285.368602 47.972153 -3.198008 0.834639 0.009572 0.041084 -0.051591 0.997777
1755487285.450373 48.020523 -3.197090 0.862102 0.015415 0.041812 -0.043551 0.998057
1755487285.469428 48.031598 -3.197361 0.869507 0.016830 0.042543 -0.044859 0.997945
1755487285.547682 48.074217 -3.196250 0.897896 0.017943 0.045491 -0.054701 0.997305
1755487285.567125 48.083643 -3.195328 0.904923 0.017272 0.045915 -0.057546 0.997137
1755487285.649139 48.123927 -3.192746 0.937957 0.013747 0.047220 -0.072471 0.996157
1755487285.668486 48.132829 -3.192896 0.946634 0.013100 0.047933 -0.075905 0.995876
1755487285.749871 48.168595 -3.194296 0.979904 0.010720 0.047878 -0.085959 0.995090
1755487285.768867 48.176657 -3.195138 0.986118 0.010107 0.048006 -0.087450 0.994960
1755487285.850208 48.212523 -3.200545 1.003359 0.008698 0.046484 -0.089983 0.994820
1755487285.867916 48.220090 -3.202260 1.004979 0.008483 0.046410 -0.090047 0.994819
1755487285.948695 48.259363 -3.212108 1.010378 0.007417 0.043972 -0.088005 0.995121
1755487285.967674 48.268949 -3.214568 1.013512 0.007199 0.044317 -0.086848 0.995209
1755487286.047124 48.313994 -3.223145 1.040545 0.003392 0.044700 -0.087296 0.995173
1755487286.066253 48.325252 -3.224592 1.050380 0.001546 0.045881 -0.088870 0.994985
1755487286.148492 48.369696 -3.231756 1.091462 -0.001380 0.048348 -0.079771 0.995639
1755487286.167751 48.379069 -3.234350 1.099588 -0.000817 0.049509 -0.077390 0.995771
1755487286.249421 48.417109 -3.246930 1.131191 0.002302 0.051494 -0.066288 0.996468
1755487286.268065 48.425242 -3.249396 1.138111 0.002986 0.052411 -0.063780 0.996582
1755487286.348412 48.461400 -3.258095 1.163527 0.004836 0.053950 -0.055079 0.997012
1755487286.368153 48.470242 -3.259850 1.168362 0.005140 0.054725 -0.053580 0.997050
1755487286.449967 48.507499 -3.266132 1.181029 0.005398 0.055252 -0.051609 0.997123
1755487286.470391 48.516816 -3.267567 1.182668 0.005368 0.055726 -0.051433 0.997106
1755487286.548241 48.556081 -3.273277 1.187206 0.005508 0.055912 -0.053105 0.997007
1755487286.567966 48.566388 -3.274521 1.189202 0.005844 0.056462 -0.053245 0.996967
1755487286.649236 48.608734 -3.278771 1.202052 0.007220 0.054264 -0.054107 0.997033
1755487286.668614 48.618300 -3.279688 1.207693 0.007749 0.053540 -0.053068 0.997125
1755487286.748021 48.657708 -3.284517 1.241130 0.013648 0.052330 -0.049831 0.997292
1755487286.768192 48.667170 -3.285202 1.250884 0.014396 0.052755 -0.052625 0.997116
1755487286.847461 48.702759 -3.285432 1.284485 0.014209 0.052166 -0.060438 0.996707
1755487286.867424 48.705413 -3.284963 1.287586 0.013942 0.052381 -0.061418 0.996639
1755487286.947145 48.741905 -3.285196 1.320610 0.011479 0.052971 -0.072963 0.995861
1755487286.967313 48.743705 -3.285183 1.323303 0.011499 0.053388 -0.073343 0.995810
1755487287.050003 48.781750 -3.288602 1.351201 0.010149 0.053108 -0.079667 0.995354
1755487287.069513 48.790465 -3.289561 1.355291 0.009809 0.053276 -0.079460 0.995365
1755487287.149865 48.827702 -3.294883 1.366313 0.008598 0.051456 -0.078223 0.995570
1755487287.169080 48.837104 -3.296324 1.368096 0.007983 0.051537 -0.078381 0.995558
1755487287.249338 48.878245 -3.303534 1.374638 0.005053 0.050018 -0.078197 0.995670
1755487287.269205 48.888430 -3.305980 1.378296 0.004173 0.049693 -0.077655 0.995732
1755487287.350175 48.932757 -3.316242 1.408345 0.001650 0.049197 -0.076749 0.995835
1755487287.368449 48.942360 -3.318735 1.418449 0.001113 0.049629 -0.074635 0.995975
1755487287.448848 48.978927 -3.328059 1.455087 0.001741 0.049306 -0.062511 0.996824
1755487287.469214 48.986603 -3.330490 1.463477 0.002185 0.048453 -0.058894 0.997085
1755487287.550801 49.019784 -3.341623 1.496180 0.006190 0.047406 -0.046190 0.997788
1755487287.569540 49.025657 -3.344123 1.502647 0.007215 0.047724 -0.043077 0.997905
1755487287.649664 49.059023 -3.355061 1.529195 0.013201 0.047833 -0.027514 0.998389
1755487287.668525 49.066458 -3.356932 1.533494 0.014078 0.048053 -0.025139 0.998429
1755487287.749631 49.100215 -3.363583 1.543511 0.016044 0.047404 -0.021814 0.998509
1755487287.768605 49.108413 -3.364727 1.544718 0.016292 0.047814 -0.022064 0.998480
1755487287.849825 49.146438 -3.368306 1.547274 0.016961 0.047896 -0.024136 0.998417
1755487287.868841 49.155731 -3.368837 1.548297 0.017194 0.048200 -0.024557 0.998388
1755487287.948927 49.197493 -3.368344 1.559831 0.018201 0.047039 -0.025611 0.998399
1755487287.968193 49.208280 -3.368278 1.565609 0.019017 0.047931 -0.025028 0.998356
1755487288.049296 49.254112 -3.368637 1.598756 0.022930 0.049827 -0.028763 0.998080
1755487288.068771 49.264724 -3.368148 1.607696 0.023608 0.051674 -0.032065 0.997870
1755487288.149356 49.305301 -3.362773 1.638849 0.020868 0.054901 -0.044107 0.997299
1755487288.167811 49.313780 -3.361086 1.645440 0.019451 0.055334 -0.047154 0.997164
1755487288.249636 49.352508 -3.358142 1.673173 0.015551 0.057326 -0.062067 0.996303
1755487288.268777 49.354447 -3.358170 1.675739 0.015531 0.057935 -0.062912 0.996215
1755487288.348402 49.392539 -3.359871 1.695643 0.013302 0.060478 -0.073149 0.995397
1755487288.367605 49.393270 -3.360008 1.697487 0.013354 0.060834 -0.073075 0.995380
1755487288.449643 49.435113 -3.364182 1.707901 0.011126 0.062388 -0.073787 0.995258
1755487288.468528 49.441727 -3.365010 1.709290 0.010544 0.062822 -0.073594 0.995252
1755487288.549989 49.483876 -3.372359 1.720404 0.008559 0.061135 -0.069639 0.995660
1755487288.568474 49.493273 -3.373898 1.725678 0.007868 0.060976 -0.069361 0.995695
1755487288.648409 49.534275 -3.379841 1.760897 0.004731 0.061881 -0.065566 0.995916
1755487288.666879 49.541928 -3.380810 1.770564 0.004155 0.062318 -0.061447 0.996154
1755487288.748602 49.572574 -3.385468 1.805233 0.003875 0.060658 -0.048750 0.996960
1755487288.767876 49.577888 -3.386359 1.812650 0.003835 0.059778 -0.044894 0.997194
1755487288.849469 49.602539 -3.390440 1.843997 0.004976 0.055711 -0.031715 0.997931
1755487288.868966 49.607624 -3.391194 1.851545 0.005264 0.055277 -0.028481 0.998051
1755487288.947543 49.629297 -3.393379 1.874582 0.006474 0.052277 -0.017780 0.998453
1755487288.967802 49.634037 -3.393341 1.879372 0.006320 0.051675 -0.016289 0.998511
1755487289.068622 49.663894 -3.393228 1.894138 0.005178 0.048926 -0.014812 0.998679
1755487289.149799 49.693532 -3.393417 1.897698 0.005266 0.048218 -0.016209 0.998691
1755487289.169016 49.699993 -3.392389 1.898371 0.005250 0.048753 -0.016923 0.998654
