# timestamp tx ty tz qx qy qz qw
1755487229.758132 0.000205 0.003722 -0.007410 0.001105 0.001011 -0.001481 0.999998
1755487229.837433 0.003477 -0.045418 -0.014606 0.000367 0.005447 -0.006879 0.999961
1755487229.856529 0.048557 -0.055390 -0.028641 -0.001431 0.009001 -0.010918 0.999899
1755487229.937488 0.118136 -0.055710 -0.020439 0.003214 0.012428 -0.005433 0.999903
1755487229.958148 0.133780 -0.056938 -0.022379 0.003934 0.014266 -0.004685 0.999880
1755487230.037412 0.210883 -0.068111 -0.025482 0.006950 0.017358 0.002377 0.999822
1755487230.057938 0.233963 -0.065122 -0.022680 0.008246 0.018244 0.004454 0.999790
1755487230.137794 0.306017 -0.080293 -0.028087 0.009741 0.017396 0.012850 0.999719
1755487230.157907 0.318706 -0.081485 -0.027092 0.009194 0.016149 0.016317 0.999694
1755487230.236716 0.383487 -0.091612 -0.022912 0.008049 0.011891 0.022692 0.999639
1755487230.257499 0.401348 -0.090870 -0.016774 0.006791 0.008987 0.027512 0.999558
1755487230.336318 0.458224 -0.093832 -0.002130 0.002254 0.007145 0.031588 0.999473
1755487230.355522 0.473466 -0.084952 0.001920 -0.000140 0.005685 0.034234 0.999398
1755487230.436752 0.534469 -0.080583 0.001656 -0.002791 0.004114 0.044563 0.998994
1755487230.456447 0.548133 -0.076963 0.001158 -0.004079 0.004242 0.047182 0.998869
1755487230.537218 0.608677 -0.075118 0.004128 -0.005412 0.007164 0.052560 0.998577
1755487230.556366 0.624080 -0.073183 0.003141 -0.005901 0.008222 0.054299 0.998473
1755487230.636504 0.692632 -0.075603 -0.001306 -0.006645 0.010533 0.055010 0.998408
1755487230.656112 0.696059 -0.077575 -0.003573 -0.006796 0.010699 0.054890 0.998412
1755487230.734679 0.761193 -0.079426 -0.014758 -0.007390 0.012956 0.051912 0.998540
1755487230.754662 0.769425 -0.078643 -0.016092 -0.008023 0.013608 0.051716 0.998537
1755487230.835678 0.836027 -0.079468 -0.033068 -0.008546 0.013312 0.046032 0.998815
1755487230.855551 0.852636 -0.079490 -0.036409 -0.009103 0.013812 0.045745 0.998816
1755487230.937165 0.919444 -0.081893 -0.039829 -0.007755 0.007165 0.044252 0.998965
1755487230.956516 0.936981 -0.083886 -0.039734 -0.007509 0.006544 0.045148 0.998931
1755487231.036366 1.001969 -0.091049 -0.029782 -0.004705 -0.000274 0.039958 0.999190
1755487231.056032 1.016542 -0.093394 -0.028414 -0.004660 -0.000008 0.037607 0.999282
1755487231.156368 1.097959 -0.102949 -0.032506 0.000383 -0.001576 0.026625 0.999644
1755487231.238187 1.165026 -0.111834 -0.034320 0.001769 -0.000278 0.020124 0.999796
1755487231.256700 1.173537 -0.113776 -0.033773 0.002129 0.001049 0.019521 0.999807
1755487231.336900 1.241483 -0.119606 -0.029063 0.003447 0.004793 0.018340 0.999814
1755487231.356097 1.257940 -0.121815 -0.030296 0.003786 0.006787 0.017452 0.999817
1755487231.437324 1.327322 -0.127663 -0.031700 0.006135 0.009703 0.021903 0.999694
1755487231.457976 1.345170 -0.130457 -0.033630 0.006868 0.012172 0.022347 0.999653
1755487231.536484 1.415237 -0.136803 -0.035354 0.009635 0.014185 0.027331 0.999479
1755487231.556293 1.432795 -0.138928 -0.035817 0.010069 0.015465 0.026936 0.999467
1755487231.637584 1.503980 -0.142936 -0.031804 0.012783 0.013860 0.033147 0.999273
1755487231.657896 1.521405 -0.144024 -0.029959 0.013196 0.014110 0.032991 0.999269
1755487231.735971 1.586375 -0.140411 -0.016339 0.011522 0.009802 0.034525 0.999289
1755487231.756079 1.602608 -0.139096 -0.011659 0.010348 0.009794 0.034899 0.999289
1755487231.837418 1.665044 -0.130079 -0.000131 0.006273 0.009082 0.038104 0.999213
1755487231.856544 1.679606 -0.127813 0.001600 0.005096 0.009115 0.040208 0.999137
1755487231.936315 1.740227 -0.115509 0.006892 0.000259 0.012248 0.041741 0.999053
1755487231.956177 1.755995 -0.112687 0.008199 -0.001200 0.013447 0.042313 0.999013
1755487232.037493 1.819447 -0.102949 0.007602 -0.003907 0.017415 0.042623 0.998932
1755487232.056939 1.835108 -0.101261 0.006944 -0.004577 0.018401 0.043733 0.998863
1755487232.136281 1.898061 -0.093984 0.000112 -0.006392 0.021463 0.041406 0.998891
1755487232.155981 1.913762 -0.092057 -0.001688 -0.007349 0.021998 0.041448 0.998871
1755487232.236877 1.976521 -0.081220 -0.011200 -0.010218 0.022245 0.036851 0.999021
1755487232.256368 1.991472 -0.078516 -0.012972 -0.011226 0.022190 0.036988 0.999006
1755487232.336576 2.049465 -0.065182 -0.016960 -0.013578 0.017285 0.034231 0.999172
1755487232.356401 2.063580 -0.062458 -0.015470 -0.014554 0.016049 0.035785 0.999125
1755487232.436979 2.118831 -0.053772 -0.004097 -0.013147 0.009741 0.037370 0.999168
1755487232.456936 2.131475 -0.052453 -0.001414 -0.012905 0.008794 0.037090 0.999190
1755487232.536942 2.179688 -0.047759 0.003928 -0.012897 0.003849 0.027409 0.999534
1755487232.556630 2.191709 -0.047197 0.004314 -0.013320 0.003601 0.025537 0.999579
1755487232.637280 2.244722 -0.048858 0.008675 -0.011464 0.004033 0.016947 0.999783
1755487232.656410 2.257809 -0.050222 0.009195 -0.011133 0.005117 0.015493 0.999805
1755487232.737890 2.316469 -0.056995 0.009102 -0.008350 0.008514 0.010953 0.999869
1755487232.757024 2.330284 -0.059440 0.008233 -0.007993 0.009895 0.011173 0.999857
1755487232.837533 2.390186 -0.071488 0.002776 -0.004649 0.013529 0.011628 0.999830
1755487232.857517 2.404896 -0.075539 0.001065 -0.003963 0.014554 0.013614 0.999794
1755487232.937284 2.459931 -0.092601 -0.005471 -0.000343 0.015862 0.018606 0.999701
1755487232.956321 2.473389 -0.097427 -0.006736 -0.000016 0.015957 0.020147 0.999670
1755487233.037731 2.530233 -0.116767 -0.008682 0.001439 0.013014 0.023117 0.999647
1755487233.056906 2.543290 -0.121682 -0.008155 0.001280 0.012298 0.023318 0.999652
1755487233.137218 2.596622 -0.138680 0.000711 0.000275 0.006112 0.023215 0.999712
1755487233.156666 2.609303 -0.142449 0.004067 -0.000742 0.005172 0.024164 0.999694
1755487233.235789 2.660469 -0.153914 0.014419 -0.002828 0.002136 0.020504 0.999783
1755487233.255970 2.673190 -0.156877 0.016423 -0.003432 0.001404 0.021997 0.999751
1755487233.338192 2.730197 -0.166316 0.024938 -0.004499 0.001261 0.022071 0.999745
1755487233.358382 2.745481 -0.168882 0.026795 -0.004946 0.001798 0.022818 0.999726
1755487233.437274 2.806760 -0.177449 0.029876 -0.004731 0.004006 0.018140 0.999816
1755487233.456749 2.822263 -0.180045 0.029372 -0.004864 0.004856 0.018147 0.999812
1755487233.539590 2.892212 -0.187607 0.022819 -0.004355 0.008933 0.010556 0.999895
1755487233.557840 2.908166 -0.189093 0.020800 -0.004558 0.010122 0.009220 0.999896
1755487233.637963 2.981526 -0.192437 0.011002 -0.004878 0.013966 -0.001622 0.999889
1755487233.656961 2.998702 -0.193007 0.008887 -0.005370 0.014831 -0.003113 0.999871
1755487233.736609 3.070978 -0.192928 0.002776 -0.005892 0.014299 -0.014893 0.999769
1755487233.755843 3.087699 -0.193249 0.002851 -0.006048 0.013719 -0.015154 0.999773
1755487233.837733 3.158120 -0.192342 0.010442 -0.005287 0.009756 -0.021135 0.999715
1755487233.856884 3.174019 -0.192429 0.013451 -0.005401 0.009522 -0.022544 0.999686
1755487233.937366 3.239090 -0.193017 0.021453 -0.004948 0.007572 -0.032877 0.999418
1755487233.956972 3.255147 -0.194790 0.023326 -0.004659 0.008113 -0.034408 0.999364
1755487234.037733 3.324110 -0.203090 0.029650 -0.001683 0.011375 -0.040241 0.999124
1755487234.057633 3.341479 -0.206007 0.030427 -0.001210 0.012791 -0.040839 0.999083
1755487234.137820 3.413813 -0.215818 0.028171 0.001072 0.018017 -0.043988 0.998869
1755487234.157830 3.431887 -0.219214 0.026930 0.001385 0.019583 -0.044036 0.998837
1755487234.238272 3.506445 -0.234554 0.019535 0.004898 0.024600 -0.044053 0.998714
1755487234.257073 3.523269 -0.239506 0.017763 0.005768 0.025546 -0.042951 0.998734
1755487234.337023 3.595014 -0.260646 0.008535 0.010630 0.027294 -0.042012 0.998688
1755487234.356085 3.611434 -0.266543 0.006909 0.011281 0.027305 -0.041835 0.998688
1755487234.436883 3.678449 -0.289556 0.001195 0.015303 0.023092 -0.039360 0.998841
1755487234.456721 3.694021 -0.295420 0.001506 0.015791 0.021770 -0.038875 0.998882
1755487234.538053 3.757717 -0.312971 0.009950 0.015780 0.013906 -0.039526 0.998997
1755487234.558256 3.773016 -0.316355 0.014157 0.014779 0.013124 -0.039501 0.999024
1755487234.637426 3.833492 -0.322612 0.023703 0.009550 0.008965 -0.040147 0.999108
1755487234.657217 3.848019 -0.323999 0.025241 0.008095 0.008564 -0.038787 0.999178
1755487234.738110 3.912432 -0.326436 0.031977 0.003145 0.009337 -0.039277 0.999180
1755487234.757679 3.928247 -0.327421 0.034613 0.001803 0.010699 -0.038997 0.999180
1755487234.837769 3.995010 -0.331362 0.040923 -0.000758 0.013470 -0.038036 0.999185
1755487234.857647 4.010966 -0.333074 0.041378 -0.001480 0.014555 -0.037489 0.999190
1755487234.936836 4.074060 -0.337399 0.037420 -0.002888 0.015550 -0.038984 0.999115
1755487234.957303 4.089942 -0.338593 0.035822 -0.003839 0.016207 -0.039257 0.999090
1755487235.038900 4.154385 -0.340288 0.028072 -0.005511 0.015148 -0.040974 0.999030
1755487235.058529 4.169913 -0.341054 0.027062 -0.006062 0.015273 -0.040484 0.999045
1755487235.139332 4.233105 -0.340902 0.024507 -0.006235 0.009509 -0.038275 0.999203
1755487235.157519 4.246255 -0.340988 0.025499 -0.006586 0.007548 -0.036170 0.999295
1755487235.238426 4.303410 -0.341577 0.035665 -0.005267 -0.003016 -0.030232 0.999524
1755487235.258119 4.310264 -0.342407 0.037956 -0.005057 -0.003644 -0.030312 0.999521
1755487235.337953 4.366729 -0.345318 0.048223 -0.003699 -0.009672 -0.036669 0.999274
1755487235.357282 4.380836 -0.347201 0.050344 -0.003600 -0.009738 -0.037549 0.999241
1755487235.437979 4.445255 -0.357296 0.057871 -0.000078 -0.007877 -0.042061 0.999084
1755487235.457678 4.461878 -0.361455 0.059267 0.000648 -0.006117 -0.042684 0.999070
1755487235.537418 4.530616 -0.373578 0.058580 0.003269 -0.001107 -0.043785 0.999035
1755487235.557297 4.548099 -0.377544 0.057349 0.003490 0.000675 -0.043102 0.999064
1755487235.638728 4.621015 -0.392719 0.048204 0.005856 0.006828 -0.042014 0.999077
1755487235.658350 4.630009 -0.395174 0.047395 0.005995 0.007732 -0.041297 0.999099
1755487235.738975 4.703973 -0.413526 0.038393 0.008748 0.012598 -0.034031 0.999303
1755487235.758191 4.721574 -0.418742 0.036768 0.009152 0.013618 -0.031893 0.999357
1755487235.838500 4.793534 -0.437459 0.030758 0.009658 0.013422 -0.028115 0.999468
1755487235.857799 4.810556 -0.441559 0.031170 0.008871 0.013364 -0.029374 0.999440
1755487235.939471 4.880324 -0.454081 0.040510 0.003968 0.010444 -0.035550 0.999305
1755487235.958695 4.896601 -0.456998 0.044250 0.002666 0.010459 -0.034182 0.999357
1755487236.037956 4.960171 -0.465909 0.054619 -0.000123 0.009940 -0.030190 0.999495
1755487236.057255 4.968860 -0.467472 0.055948 -0.000592 0.010161 -0.029120 0.999524
1755487236.139617 5.034137 -0.474902 0.063121 -0.002734 0.012196 -0.024560 0.999620
1755487236.159895 5.050833 -0.477173 0.064599 -0.003188 0.013518 -0.022927 0.999641
1755487236.238105 5.115741 -0.484005 0.067820 -0.002720 0.018092 -0.019848 0.999636
1755487236.257046 5.131819 -0.485899 0.067817 -0.002880 0.019810 -0.018793 0.999623
1755487236.338870 5.202410 -0.491011 0.064617 -0.002379 0.024444 -0.020290 0.999492
1755487236.358377 5.218978 -0.492273 0.063230 -0.002431 0.025641 -0.020802 0.999452
1755487236.439326 5.287707 -0.493261 0.056278 -0.002043 0.027554 -0.025801 0.999285
1755487236.458554 5.295919 -0.493356 0.055739 -0.002277 0.027858 -0.026459 0.999259
1755487236.539373 5.359385 -0.488786 0.049863 -0.002609 0.025367 -0.032277 0.999154
1755487236.558392 5.373532 -0.487782 0.049262 -0.002600 0.023898 -0.032239 0.999191
1755487236.638926 5.433195 -0.483860 0.053405 0.000872 0.017316 -0.026841 0.999489
1755487236.658388 5.440308 -0.483988 0.054706 0.001379 0.016644 -0.026306 0.999514
1755487236.738899 5.496274 -0.480125 0.061739 0.003956 0.009708 -0.029932 0.999497
1755487236.758799 5.509505 -0.479643 0.062985 0.003753 0.008815 -0.031012 0.999473
1755487236.838808 5.565114 -0.478489 0.066939 0.004801 0.006426 -0.037401 0.999268
1755487236.858204 5.579148 -0.479338 0.068148 0.004851 0.007151 -0.038812 0.999209
1755487236.938464 5.640018 -0.482403 0.068615 0.005962 0.009004 -0.045500 0.998906
1755487236.959269 5.655853 -0.483710 0.068419 0.005637 0.010203 -0.046649 0.998843
1755487237.038349 5.718933 -0.488883 0.063281 0.005611 0.012937 -0.051938 0.998551
1755487237.057576 5.734259 -0.490977 0.062349 0.005257 0.014092 -0.052233 0.998522
1755487237.139015 5.798690 -0.501805 0.055457 0.006800 0.015107 -0.052341 0.998492
1755487237.158967 5.813873 -0.505546 0.054446 0.006963 0.015444 -0.051423 0.998533
1755487237.239792 5.875174 -0.521397 0.047968 0.009291 0.013602 -0.048453 0.998690
1755487237.259680 5.881960 -0.523903 0.048095 0.009382 0.013378 -0.047503 0.998737
1755487237.337903 5.939312 -0.540041 0.047144 0.010206 0.008415 -0.045019 0.998899
1755487237.356923 5.953137 -0.543335 0.049477 0.009463 0.007519 -0.043483 0.998981
1755487237.438578 6.015370 -0.551992 0.063313 0.005733 0.004845 -0.043376 0.999031
1755487237.457610 6.023232 -0.553264 0.065840 0.005070 0.005522 -0.042734 0.999058
1755487237.538577 6.081731 -0.558656 0.074410 0.002419 0.004537 -0.036752 0.999311
1755487237.557730 6.095473 -0.560233 0.076870 0.001445 0.005344 -0.035225 0.999364
1755487237.638375 6.155800 -0.566577 0.083200 0.000701 0.007802 -0.031513 0.999473
1755487237.657699 6.169976 -0.568743 0.084254 0.000441 0.009021 -0.030499 0.999494
1755487237.738381 6.229631 -0.576161 0.082766 0.001516 0.011520 -0.027689 0.999549
1755487237.757463 6.243609 -0.578022 0.082242 0.001360 0.012448 -0.027157 0.999553
1755487237.838330 6.303923 -0.582720 0.075174 0.001993 0.013816 -0.026029 0.999564
1755487237.859688 6.319965 -0.583506 0.073614 0.001725 0.014582 -0.025253 0.999573
1755487237.937638 6.379137 -0.582595 0.066456 0.000939 0.014697 -0.026504 0.999540
1755487237.956991 6.393613 -0.581987 0.065534 0.000355 0.014773 -0.026514 0.999539
1755487238.038909 6.452599 -0.576264 0.060701 -0.001245 0.009596 -0.027995 0.999561
1755487238.057638 6.465986 -0.575238 0.061186 -0.001757 0.008654 -0.027062 0.999595
1755487238.138327 6.523387 -0.570250 0.066075 -0.000627 0.001960 -0.023525 0.999721
1755487238.158162 6.537440 -0.569385 0.068599 -0.000758 0.001579 -0.025269 0.999679
1755487238.239371 6.594913 -0.564908 0.074579 -0.002606 -0.000096 -0.033769 0.999426
1755487238.258018 6.608381 -0.564947 0.076734 -0.003109 0.000772 -0.035108 0.999378
1755487238.338370 6.670118 -0.568302 0.084257 -0.001728 0.004184 -0.040671 0.999162
1755487238.357469 6.685153 -0.570111 0.085902 -0.001487 0.005810 -0.041207 0.999133
1755487238.437916 6.749282 -0.577621 0.084354 0.000237 0.011112 -0.043455 0.998994
1755487238.457050 6.764441 -0.580022 0.082832 0.000187 0.012668 -0.043571 0.998970
1755487238.536362 6.829001 -0.592252 0.072676 0.002965 0.017550 -0.043284 0.998904
1755487238.555969 6.845058 -0.596641 0.070869 0.003734 0.018913 -0.041977 0.998933
1755487238.639639 6.912959 -0.617163 0.062245 0.009045 0.021068 -0.036603 0.999067
1755487238.658738 6.920998 -0.620257 0.061637 0.009458 0.021149 -0.035309 0.999108
1755487238.737278 6.981775 -0.640660 0.057531 0.014073 0.016819 -0.028111 0.999364
1755487238.756470 6.996210 -0.645296 0.058610 0.014217 0.016237 -0.028231 0.999368
1755487238.837994 7.057350 -0.658082 0.067885 0.012849 0.008995 -0.025704 0.999547
1755487238.857982 7.071691 -0.660149 0.072052 0.011525 0.008320 -0.024330 0.999603
1755487238.938545 7.130480 -0.663203 0.083760 0.007641 0.004959 -0.019012 0.999778
1755487238.957914 7.144528 -0.663535 0.085972 0.005917 0.005074 -0.017445 0.999817
1755487239.038945 7.207242 -0.660977 0.092592 0.000735 0.007264 -0.016266 0.999841
1755487239.058122 7.223078 -0.660761 0.094201 -0.000784 0.009007 -0.015151 0.999844
1755487239.138276 7.292131 -0.658871 0.095749 -0.003951 0.014095 -0.013905 0.999796
1755487239.156672 7.307921 -0.658992 0.095347 -0.004862 0.015756 -0.013300 0.999776
1755487239.239058 7.379637 -0.657723 0.088356 -0.006970 0.020054 -0.014648 0.999667
1755487239.258483 7.388669 -0.657916 0.087733 -0.007415 0.020807 -0.014722 0.999648
1755487239.337127 7.457128 -0.654662 0.079424 -0.008854 0.023170 -0.016484 0.999556
1755487239.356761 7.473998 -0.653704 0.078169 -0.009407 0.023503 -0.016630 0.999541
1755487239.439624 7.542179 -0.647321 0.074007 -0.010015 0.019175 -0.017796 0.999608
1755487239.459208 7.557625 -0.646312 0.074622 -0.010170 0.017807 -0.016351 0.999656
1755487239.537715 7.617144 -0.643217 0.081235 -0.006803 0.010110 -0.011908 0.999855
1755487239.556700 7.630933 -0.642897 0.084065 -0.006448 0.008720 -0.011739 0.999872
1755487239.638705 7.690493 -0.640577 0.091606 -0.005662 0.004025 -0.018554 0.999804
1755487239.657753 7.704691 -0.640708 0.093445 -0.005745 0.004070 -0.020006 0.999775
1755487239.737172 7.768265 -0.644355 0.099074 -0.003254 0.004896 -0.027842 0.999595
1755487239.756660 7.784592 -0.646229 0.100727 -0.002596 0.006293 -0.029282 0.999548
1755487239.837531 7.852498 -0.654318 0.099325 0.001139 0.009942 -0.031372 0.999458
1755487239.857081 7.868767 -0.656574 0.098106 0.001688 0.011352 -0.031327 0.999443
1755487239.939236 7.935478 -0.665964 0.088429 0.003968 0.013833 -0.032240 0.999377
1755487239.958463 7.950855 -0.668766 0.086726 0.004274 0.014541 -0.031211 0.999398
1755487240.038757 8.014289 -0.681572 0.077566 0.007882 0.014249 -0.024984 0.999555
1755487240.058333 8.029658 -0.685086 0.076265 0.008270 0.014285 -0.023344 0.999591
1755487240.139177 8.092969 -0.697040 0.070937 0.010833 0.009295 -0.013282 0.999810
1755487240.158104 8.107583 -0.699642 0.071603 0.010688 0.008405 -0.011837 0.999837
1755487240.239227 8.170992 -0.705104 0.078446 0.009036 0.002383 -0.009861 0.999908
1755487240.258915 8.186531 -0.705649 0.082809 0.007861 0.002178 -0.008384 0.999932
1755487240.339285 8.250094 -0.702485 0.096471 0.003007 0.000826 -0.001903 0.999993
1755487240.358782 8.265027 -0.701878 0.099038 0.002019 0.001401 0.001323 0.999996
1755487240.437903 8.326969 -0.696698 0.103205 -0.001198 0.003506 0.007114 0.999968
1755487240.457859 8.342986 -0.695642 0.104642 -0.002285 0.005234 0.008555 0.999947
1755487240.539500 8.410983 -0.689437 0.106304 -0.004504 0.011031 0.012455 0.999851
1755487240.559749 8.427754 -0.688136 0.106529 -0.005354 0.013055 0.012984 0.999816
1755487240.641270 8.495445 -0.680253 0.101587 -0.007173 0.018187 0.011770 0.999740
1755487240.660102 8.510662 -0.678297 0.100321 -0.008185 0.019489 0.011516 0.999710
1755487240.741565 8.575940 -0.667385 0.091286 -0.009140 0.021249 0.008354 0.999698
1755487240.760120 8.590581 -0.664716 0.089886 -0.009787 0.021748 0.007751 0.999686
1755487240.839294 8.651757 -0.650937 0.082475 -0.009963 0.019721 0.004941 0.999744
1755487240.860043 8.667108 -0.647348 0.081863 -0.010170 0.018735 0.005864 0.999756
1755487240.940038 8.726326 -0.635857 0.085521 -0.005648 0.013863 0.014856 0.999778
1755487240.960703 8.741174 -0.633967 0.088317 -0.004276 0.013159 0.017460 0.999752
1755487241.040939 8.798230 -0.625698 0.094904 -0.000383 0.010394 0.017272 0.999797
1755487241.060417 8.811899 -0.623860 0.096270 -0.000466 0.010647 0.016614 0.999805
1755487241.139962 8.872090 -0.618951 0.099738 0.002316 0.012209 0.012501 0.999845
1755487241.158865 8.886897 -0.618622 0.101301 0.002679 0.013693 0.011920 0.999832
1755487241.239647 8.953949 -0.615885 0.101779 0.004269 0.018147 0.007845 0.999795
1755487241.259339 8.970189 -0.615306 0.101209 0.003834 0.019756 0.007779 0.999767
1755487241.338851 9.036905 -0.614118 0.093065 0.004021 0.023262 0.005021 0.999709
1755487241.358497 9.053242 -0.614935 0.091355 0.003989 0.024382 0.005429 0.999680
1755487241.439190 9.119722 -0.622529 0.083009 0.007218 0.024593 0.008236 0.999638
1755487241.459746 9.136194 -0.625698 0.081578 0.007832 0.024614 0.009338 0.999623
1755487241.540880 9.199319 -0.639172 0.074471 0.011885 0.019576 0.013943 0.999640
1755487241.560872 9.208761 -0.641698 0.074483 0.012174 0.018659 0.015273 0.999635
1755487241.639776 9.269516 -0.654388 0.076010 0.014155 0.010111 0.018688 0.999674
1755487241.658676 9.284105 -0.657227 0.079036 0.014205 0.009053 0.021187 0.999634
1755487241.739570 9.348065 -0.665266 0.091187 0.013130 0.005427 0.025294 0.999579
1755487241.759619 9.363355 -0.666659 0.093916 0.012615 0.005582 0.027341 0.999531
1755487241.840788 9.428963 -0.667605 0.101763 0.009828 0.006961 0.028681 0.999516
1755487241.859464 9.444434 -0.667761 0.104148 0.008706 0.008710 0.028404 0.999521
1755487241.940197 9.514361 -0.666761 0.108241 0.006120 0.013794 0.025794 0.999553
1755487241.959846 9.531659 -0.667328 0.108725 0.005477 0.015937 0.025203 0.999540
1755487242.040268 9.603880 -0.669288 0.103488 0.004456 0.022050 0.020019 0.999546
1755487242.060542 9.622265 -0.670177 0.101950 0.003846 0.024309 0.019115 0.999514
1755487242.139982 9.694691 -0.671378 0.092403 0.003338 0.029411 0.014283 0.999460
1755487242.160513 9.713321 -0.671724 0.090433 0.002780 0.030922 0.013745 0.999423
1755487242.241161 9.785040 -0.669699 0.081858 0.001811 0.032371 0.012183 0.999400
1755487242.259243 9.800565 -0.668914 0.080804 0.000916 0.032497 0.011565 0.999404
1755487242.339913 9.865289 -0.662693 0.078805 -0.002025 0.025875 0.007427 0.999636
1755487242.359340 9.880416 -0.661509 0.081037 -0.002878 0.024505 0.008224 0.999662
1755487242.440957 9.943326 -0.659464 0.094023 -0.002614 0.018566 0.006216 0.999805
1755487242.459296 9.956839 -0.659688 0.096945 -0.002493 0.018534 0.004931 0.999813
1755487242.539320 10.016121 -0.662430 0.104238 -0.002615 0.015879 -0.004278 0.999861
1755487242.558889 10.031096 -0.664383 0.106682 -0.002306 0.016641 -0.005441 0.999844
1755487242.639287 10.094653 -0.676323 0.112008 0.001352 0.019086 -0.011139 0.999755
1755487242.659504 10.102689 -0.678374 0.113225 0.001743 0.019971 -0.011414 0.999734
1755487242.739216 10.167663 -0.694492 0.111187 0.005575 0.023677 -0.015701 0.999581
1755487242.758884 10.183549 -0.698947 0.110271 0.006041 0.024777 -0.016272 0.999542
1755487242.841095 10.249776 -0.720789 0.101558 0.010060 0.026191 -0.018542 0.999434
1755487242.860160 10.264752 -0.726660 0.100203 0.011006 0.026295 -0.016937 0.999450
1755487242.940009 10.326238 -0.750707 0.093402 0.014430 0.023570 -0.015257 0.999502
1755487242.959101 10.340090 -0.756081 0.093111 0.014233 0.022436 -0.014581 0.999541
1755487243.039431 10.397905 -0.775070 0.093451 0.012405 0.014950 -0.019569 0.999620
1755487243.059112 10.411821 -0.778857 0.095955 0.011285 0.013115 -0.020435 0.999641
1755487243.139262 10.470151 -0.789533 0.110018 0.006691 0.008658 -0.023055 0.999674
1755487243.158644 10.474710 -0.790335 0.112141 0.006194 0.008816 -0.023032 0.999677
1755487243.239546 10.534796 -0.796341 0.123735 0.001984 0.007759 -0.020950 0.999748
1755487243.258979 10.542831 -0.797038 0.125565 0.001306 0.008337 -0.021071 0.999742
1755487243.339758 10.606858 -0.801320 0.132800 -0.002125 0.010970 -0.023617 0.999659
1755487243.358615 10.622008 -0.802837 0.133618 -0.002483 0.011997 -0.023357 0.999652
1755487243.440394 10.689370 -0.808207 0.131216 -0.002755 0.015048 -0.024238 0.999589
1755487243.458937 10.704823 -0.809192 0.130302 -0.003140 0.015964 -0.024807 0.999560
1755487243.540577 10.775078 -0.809957 0.123862 -0.004022 0.017974 -0.027505 0.999452
1755487243.560307 10.791916 -0.809658 0.122826 -0.004453 0.018497 -0.028243 0.999420
1755487243.639609 10.860319 -0.805218 0.116768 -0.005696 0.017776 -0.030692 0.999355
1755487243.659259 10.868630 -0.804543 0.116222 -0.005891 0.017441 -0.030691 0.999359
1755487243.739954 10.935561 -0.797826 0.112159 -0.005859 0.010480 -0.024628 0.999625
1755487243.759434 10.951078 -0.796840 0.113261 -0.005301 0.009362 -0.021296 0.999715
1755487243.840043 11.015595 -0.792764 0.118134 -0.002547 0.004779 -0.017963 0.999824
1755487243.859787 11.030886 -0.791579 0.119557 -0.002767 0.004741 -0.018086 0.999821
1755487243.939919 11.094046 -0.789328 0.122078 -0.002182 0.004448 -0.018347 0.999819
1755487243.959163 11.109398 -0.790170 0.123991 -0.001418 0.005662 -0.017373 0.999832
1755487244.039664 11.175945 -0.796297 0.128430 0.002991 0.010407 -0.014607 0.999835
1755487244.059476 11.184556 -0.797354 0.129503 0.003385 0.011639 -0.013588 0.999834
1755487244.139671 11.252699 -0.804473 0.126244 0.006965 0.017749 -0.007168 0.999793
1755487244.158990 11.269077 -0.806400 0.124980 0.007464 0.019637 -0.005538 0.999764
1755487244.240236 11.340504 -0.816674 0.115733 0.011477 0.025146 0.003852 0.999610
1755487244.260669 11.358748 -0.819801 0.113871 0.012265 0.026707 0.006694 0.999546
1755487244.340742 11.429573 -0.832647 0.105105 0.016121 0.029607 0.016799 0.999290
1755487244.359854 11.445900 -0.835738 0.103993 0.016672 0.030235 0.019341 0.999217
1755487244.440223 11.512054 -0.847262 0.100413 0.018412 0.026656 0.029105 0.999051
1755487244.459831 11.519960 -0.848328 0.101264 0.018205 0.026406 0.029448 0.999052
1755487244.540952 11.582524 -0.852393 0.110133 0.012730 0.019458 0.031580 0.999231
1755487244.561339 11.597905 -0.852270 0.113976 0.010854 0.019071 0.033677 0.999192
1755487244.641920 11.655838 -0.847606 0.121945 0.004510 0.016181 0.042584 0.998952
1755487244.660195 11.661523 -0.846891 0.123542 0.003718 0.016601 0.043529 0.998907
1755487244.739643 11.720271 -0.837356 0.129959 -0.003595 0.017777 0.051834 0.998491
1755487244.759349 11.735171 -0.835200 0.131948 -0.004952 0.019384 0.054253 0.998327
1755487244.840930 11.798506 -0.825060 0.134876 -0.008299 0.023310 0.062537 0.997736
1755487244.860359 11.813530 -0.822908 0.134575 -0.009137 0.024717 0.063714 0.997620
1755487244.940716 11.875415 -0.812493 0.128756 -0.012031 0.026628 0.065190 0.997445
1755487244.960101 11.890273 -0.809685 0.127308 -0.012943 0.027370 0.064796 0.997439
1755487245.040194 11.951293 -0.796981 0.120536 -0.015868 0.027524 0.061743 0.997586
1755487245.059331 11.965743 -0.793853 0.119458 -0.016444 0.027453 0.060895 0.997631
1755487245.139736 12.022418 -0.781507 0.116938 -0.017576 0.021711 0.055530 0.998066
1755487245.159739 12.035639 -0.778554 0.118032 -0.017721 0.019884 0.055385 0.998110
1755487245.240958 12.085975 -0.769928 0.126341 -0.015972 0.011080 0.053248 0.998392
1755487245.261897 12.098341 -0.768324 0.128892 -0.015312 0.009731 0.051418 0.998512
1755487245.340072 12.144238 -0.765689 0.133208 -0.013431 0.004465 0.043206 0.998966
1755487245.360184 12.156472 -0.765716 0.134749 -0.012834 0.004318 0.040628 0.999083
1755487245.440046 12.208515 -0.769558 0.139520 -0.009098 0.004580 0.030847 0.999472
1755487245.459174 12.221361 -0.770669 0.140614 -0.008426 0.005349 0.028697 0.999538
1755487245.540365 12.276630 -0.776552 0.139681 -0.005173 0.006735 0.022002 0.999722
1755487245.559423 12.289697 -0.778269 0.139124 -0.004564 0.007534 0.020891 0.999743
1755487245.640924 12.347452 -0.789111 0.132248 -0.000282 0.008750 0.018431 0.999792
1755487245.660617 12.361563 -0.792584 0.130617 0.001057 0.009564 0.018857 0.999776
1755487245.740720 12.420877 -0.808390 0.121568 0.006508 0.010073 0.019041 0.999747
1755487245.760157 12.424647 -0.809564 0.121521 0.006787 0.010257 0.018883 0.999746
1755487245.840367 12.484924 -0.826718 0.113841 0.010816 0.006747 0.019990 0.999719
1755487245.860230 12.491783 -0.828530 0.113618 0.010989 0.006507 0.019938 0.999720
1755487245.940262 12.553226 -0.840845 0.115170 0.011806 0.000713 0.024058 0.999641
1755487245.959979 12.557773 -0.841634 0.116660 0.011678 0.000776 0.024641 0.999628
1755487246.040321 12.621984 -0.844461 0.127147 0.007703 0.001149 0.031705 0.999467
1755487246.060500 12.637048 -0.844487 0.128473 0.006915 0.002207 0.036067 0.999323
1755487246.140343 12.701345 -0.840072 0.131530 0.003579 0.005158 0.048294 0.998813
1755487246.159722 12.705421 -0.839695 0.133109 0.003270 0.006130 0.048908 0.998779
1755487246.240392 12.775153 -0.832264 0.134972 0.000402 0.013134 0.059833 0.998122
1755487246.261324 12.792495 -0.831121 0.134902 -0.000097 0.015519 0.062217 0.997942
1755487246.340365 12.860818 -0.822490 0.132658 -0.001001 0.019391 0.072312 0.997193
1755487246.360918 12.865766 -0.821671 0.133209 -0.001210 0.020048 0.073128 0.997120
1755487246.441252 12.934113 -0.805761 0.130128 -0.004501 0.021948 0.086696 0.995983
1755487246.460589 12.949468 -0.801733 0.129643 -0.005404 0.022391 0.089427 0.995727
1755487246.540954 13.011998 -0.782228 0.127429 -0.007903 0.019211 0.103181 0.994446
1755487246.560502 13.026411 -0.777837 0.127308 -0.008294 0.018241 0.107179 0.994038
1755487246.641101 13.085758 -0.762340 0.130076 -0.007223 0.012668 0.125799 0.991949
1755487246.660848 13.092433 -0.761009 0.131105 -0.006779 0.012311 0.127490 0.991740
1755487246.741621 13.150741 -0.751958 0.139214 -0.003386 0.007788 0.138729 0.990294
1755487246.760898 13.159578 -0.751031 0.140190 -0.002934 0.007851 0.139401 0.990200
1755487246.840478 13.217150 -0.749816 0.142483 0.000890 0.006662 0.141792 0.989874
1755487246.860721 13.233223 -0.750399 0.143396 0.002243 0.007948 0.142224 0.989800
1755487246.941068 13.296300 -0.755661 0.144680 0.006797 0.011673 0.138628 0.990252
1755487246.959794 13.312096 -0.756755 0.144536 0.007621 0.013237 0.137791 0.990344
1755487247.041103 13.376374 -0.763377 0.139702 0.009841 0.017649 0.129775 0.991338
1755487247.060127 13.392413 -0.764970 0.138170 0.010124 0.018947 0.127712 0.991579
1755487247.141040 13.457125 -0.775574 0.129138 0.011260 0.021117 0.117575 0.992776
1755487247.160828 13.473412 -0.778624 0.127373 0.011395 0.021626 0.114968 0.993068
1755487247.243786 13.534579 -0.794623 0.119264 0.012157 0.018318 0.104054 0.994329
1755487247.260174 13.539007 -0.795906 0.119232 0.012135 0.018073 0.103120 0.994431
1755487247.342803 13.593974 -0.810262 0.118989 0.009534 0.009577 0.085421 0.996253
1755487247.359612 13.605224 -0.812407 0.121386 0.008886 0.008659 0.082849 0.996485
1755487247.439930 13.656764 -0.819406 0.133808 0.003858 0.005114 0.071751 0.997402
1755487247.459530 13.669594 -0.820761 0.136410 0.003093 0.005304 0.071543 0.997419
1755487247.541130 13.725164 -0.823298 0.145654 -0.000303 0.005290 0.065501 0.997838
1755487247.560032 13.738759 -0.823544 0.148358 -0.001246 0.006580 0.063286 0.997973
1755487247.640691 13.797714 -0.824621 0.154226 -0.003326 0.009847 0.058527 0.998232
1755487247.660021 13.804307 -0.824927 0.154964 -0.003505 0.010837 0.057841 0.998261
1755487247.740682 13.865510 -0.825904 0.149980 -0.004305 0.014293 0.052772 0.998495
1755487247.759598 13.869832 -0.826008 0.149880 -0.004393 0.014676 0.052463 0.998505
1755487247.840406 13.936646 -0.824261 0.141763 -0.005256 0.017496 0.049631 0.998601
1755487247.859881 13.952763 -0.823414 0.140521 -0.005589 0.018269 0.048971 0.998617
1755487247.940996 14.020690 -0.817764 0.135186 -0.006669 0.017599 0.047098 0.998713
1755487247.960065 14.025191 -0.817409 0.134912 -0.006759 0.017313 0.046835 0.998730
1755487248.040717 14.093427 -0.812310 0.134597 -0.006447 0.011416 0.045163 0.998894
1755487248.059823 14.108975 -0.811780 0.136145 -0.005931 0.010546 0.045364 0.998897
1755487248.141303 14.178005 -0.811167 0.141583 -0.003516 0.007901 0.039638 0.999177
1755487248.159861 14.193101 -0.811372 0.141883 -0.003199 0.008126 0.038034 0.999238
1755487248.241722 14.266178 -0.814793 0.142255 -0.001857 0.011331 0.024996 0.999622
1755487248.260534 14.283398 -0.816302 0.143440 -0.001533 0.013454 0.022437 0.999657
1755487248.340092 14.359660 -0.825091 0.146412 0.001910 0.019912 0.014901 0.999689
1755487248.359882 14.378720 -0.827599 0.146731 0.002478 0.022030 0.013698 0.999660
1755487248.439895 14.455624 -0.839241 0.142103 0.005474 0.026721 0.009051 0.999587
1755487248.459782 14.474326 -0.842447 0.139853 0.005897 0.027841 0.009096 0.999554
1755487248.540486 14.549867 -0.857848 0.128575 0.008906 0.029275 0.008430 0.999496
1755487248.559636 14.555059 -0.859253 0.128414 0.009007 0.029477 0.008524 0.999489
1755487248.641651 14.628095 -0.875735 0.121340 0.011319 0.025036 0.011566 0.999556
1755487248.660115 14.643659 -0.878680 0.121457 0.010545 0.023720 0.011035 0.999602
1755487248.739870 14.709151 -0.887253 0.129012 0.006383 0.014866 0.007553 0.999841
1755487248.759521 14.724923 -0.888173 0.132774 0.004721 0.013781 0.007972 0.999862
1755487248.840499 14.790043 -0.890325 0.143848 0.000158 0.009432 0.012446 0.999878
1755487248.860045 14.805840 -0.891012 0.146519 -0.000099 0.009932 0.015713 0.999827
1755487248.941509 14.877284 -0.893174 0.157349 -0.000821 0.012372 0.024782 0.999616
1755487248.961624 14.895550 -0.893974 0.160113 -0.000827 0.014070 0.027220 0.999530
1755487249.041538 14.967778 -0.896690 0.162647 0.001460 0.018307 0.034491 0.999236
1755487249.061774 14.985476 -0.897122 0.161992 0.001644 0.019621 0.035458 0.999177
1755487249.142852 15.055051 -0.894940 0.152622 0.001655 0.021794 0.032095 0.999246
1755487249.161059 15.064748 -0.894222 0.151638 0.001296 0.022337 0.031151 0.999264
1755487249.240425 15.132842 -0.884157 0.142253 -0.001025 0.022265 0.023199 0.999482
1755487249.260410 15.149433 -0.881165 0.140649 -0.001755 0.021970 0.021692 0.999522
1755487249.340649 15.212317 -0.868765 0.135950 -0.001750 0.016002 0.016450 0.999735
1755487249.360071 15.226958 -0.866837 0.136885 -0.001280 0.014712 0.017380 0.999740
1755487249.441007 15.286039 -0.862111 0.144587 0.005409 0.008868 0.017582 0.999791
1755487249.460118 15.299573 -0.861224 0.146838 0.006483 0.008698 0.016004 0.999813
1755487249.541586 15.356269 -0.858100 0.152817 0.008920 0.006687 0.004068 0.999930
1755487249.560391 15.369692 -0.858517 0.154686 0.009767 0.007316 0.002128 0.999923
1755487249.641265 15.429102 -0.863395 0.158537 0.014711 0.010643 -0.009733 0.999788
1755487249.660071 15.442928 -0.864685 0.158969 0.015388 0.011957 -0.012064 0.999737
1755487249.741542 15.502683 -0.869526 0.153839 0.018185 0.015448 -0.021759 0.999478
1755487249.761345 15.516952 -0.870735 0.152345 0.018198 0.016595 -0.024068 0.999407
1755487249.841794 15.575521 -0.878129 0.144596 0.020573 0.018431 -0.031125 0.999134
1755487249.860841 15.589130 -0.880806 0.143478 0.021314 0.018799 -0.030948 0.999117
1755487249.941035 15.644478 -0.892697 0.137673 0.025368 0.016384 -0.028111 0.999149
1755487249.961692 15.657780 -0.895582 0.137055 0.025604 0.015547 -0.027368 0.999177
1755487250.041422 15.706923 -0.904871 0.135627 0.026094 0.007104 -0.027461 0.999257
1755487250.060727 15.718159 -0.906278 0.136847 0.025237 0.005284 -0.028185 0.999270
1755487250.141592 15.766389 -0.907883 0.146411 0.021092 -0.004945 -0.025395 0.999443
1755487250.161367 15.769572 -0.907843 0.148775 0.020525 -0.004764 -0.025440 0.999454
1755487250.241971 15.822372 -0.901875 0.159937 0.011468 -0.008388 -0.024763 0.999592
1755487250.261342 15.835391 -0.900199 0.162283 0.009281 -0.007629 -0.024318 0.999632
1755487250.341010 15.895153 -0.893054 0.169561 0.002334 -0.005491 -0.023832 0.999698
1755487250.360504 15.899709 -0.892698 0.171009 0.001893 -0.004701 -0.023781 0.999704
1755487250.441363 15.967382 -0.889534 0.173413 -0.001480 0.001157 -0.020779 0.999782
1755487250.460581 15.983593 -0.889732 0.173053 -0.001950 0.002972 -0.019994 0.999794
1755487250.540860 16.055880 -0.890010 0.167819 -0.002672 0.008665 -0.018636 0.999785
1755487250.560195 16.073435 -0.890240 0.166250 -0.002827 0.010338 -0.018840 0.999765
1755487250.640834 16.147011 -0.890207 0.158233 -0.003121 0.015803 -0.019552 0.999679
1755487250.661013 16.165612 -0.889996 0.156073 -0.003264 0.017009 -0.019892 0.999652
1755487250.741754 16.239541 -0.887558 0.147740 -0.003423 0.018364 -0.021754 0.999589
1755487250.762501 16.258446 -0.886590 0.146969 -0.003722 0.018242 -0.021854 0.999588
1755487250.840812 16.329341 -0.884266 0.149737 -0.002411 0.016083 -0.018338 0.999700
1755487250.860958 16.346954 -0.883867 0.151465 -0.002037 0.015744 -0.019371 0.999686
1755487250.941557 16.416145 -0.881900 0.157187 -0.002427 0.015585 -0.025985 0.999538
1755487250.960476 16.431399 -0.881767 0.158168 -0.003090 0.016039 -0.028274 0.999467
1755487251.041301 16.498392 -0.886398 0.161875 -0.002509 0.018175 -0.036425 0.999168
1755487251.060816 16.514717 -0.888698 0.163041 -0.002053 0.019783 -0.037932 0.999082
1755487251.141218 16.583453 -0.900232 0.163470 0.000969 0.023961 -0.040821 0.998879
1755487251.160822 16.599871 -0.903238 0.162908 0.001228 0.025515 -0.041186 0.998825
1755487251.242109 16.671625 -0.917971 0.155475 0.003630 0.030460 -0.042003 0.998646
1755487251.261348 16.688447 -0.922299 0.153533 0.004035 0.032128 -0.041575 0.998611
1755487251.342105 16.760652 -0.944235 0.143333 0.008934 0.035443 -0.036180 0.998677
1755487251.360532 16.776666 -0.949905 0.141923 0.009619 0.036252 -0.034386 0.998705
1755487251.442100 16.843531 -0.974128 0.138070 0.013205 0.033909 -0.030008 0.998887
1755487251.461678 16.858239 -0.979279 0.139268 0.013135 0.033284 -0.030929 0.998881
1755487251.541431 16.916486 -0.995266 0.150867 0.011494 0.027077 -0.030019 0.999116
1755487251.561123 16.920107 -0.996014 0.153171 0.010999 0.027364 -0.030165 0.999110
1755487251.642262 16.976489 -1.002989 0.166546 0.005434 0.022757 -0.025775 0.999394
1755487251.661280 16.988925 -1.003681 0.169890 0.003900 0.023205 -0.025011 0.999410
1755487251.742819 17.048924 -1.006484 0.180557 -0.000355 0.023362 -0.021891 0.999487
1755487251.761666 17.051419 -1.006681 0.181801 -0.000538 0.023684 -0.021686 0.999484
1755487251.841808 17.113601 -1.010858 0.184603 -0.001186 0.025491 -0.015196 0.999559
1755487251.861036 17.128100 -1.011684 0.184014 -0.001597 0.026044 -0.014740 0.999551
1755487251.943107 17.192532 -1.010672 0.176946 -0.003197 0.026360 -0.013316 0.999559
1755487251.961955 17.195010 -1.010519 0.176901 -0.003349 0.026429 -0.013270 0.999557
1755487252.041877 17.259657 -1.003437 0.171467 -0.005722 0.024967 -0.012021 0.999600
1755487252.060818 17.274202 -1.001657 0.170685 -0.006032 0.024100 -0.011632 0.999624
1755487252.141862 17.334039 -0.993010 0.166686 -0.004900 0.015531 -0.009559 0.999822
1755487252.161295 17.347825 -0.991507 0.166636 -0.004235 0.012803 -0.008200 0.999875
1755487252.241749 17.406253 -0.986885 0.172589 0.000073 0.003814 0.000100 0.999993
1755487252.261514 17.420745 -0.986278 0.175328 0.001292 0.003407 -0.001236 0.999993
1755487252.341671 17.481976 -0.982666 0.180078 0.003032 0.000868 -0.009451 0.999950
1755487252.360872 17.497032 -0.981959 0.181245 0.003005 0.001606 -0.012346 0.999918
1755487252.441504 17.566132 -0.981380 0.184778 0.004568 0.005921 -0.021223 0.999747
1755487252.461459 17.583920 -0.981817 0.185960 0.004850 0.007988 -0.023011 0.999692
1755487252.543165 17.657378 -0.983339 0.183328 0.006562 0.014491 -0.025410 0.999551
1755487252.561978 17.673940 -0.984206 0.181737 0.006505 0.016193 -0.026019 0.999509
1755487252.643072 17.746021 -0.991134 0.169282 0.008112 0.021794 -0.028794 0.999315
1755487252.660868 17.762006 -0.993487 0.167078 0.008408 0.023402 -0.029322 0.999261
1755487252.743233 17.834938 -1.007281 0.157581 0.012750 0.025486 -0.026289 0.999248
1755487252.761532 17.837967 -1.008130 0.157974 0.012848 0.025626 -0.026136 0.999247
1755487252.844001 17.907121 -1.025899 0.152583 0.017309 0.021808 -0.022611 0.999357
1755487252.863328 17.912211 -1.027259 0.152919 0.017314 0.021350 -0.022672 0.999365
1755487252.942147 17.976774 -1.044063 0.156226 0.019082 0.013152 -0.025967 0.999394
1755487252.961326 17.980983 -1.045006 0.158059 0.018914 0.012979 -0.026000 0.999399
1755487253.041670 18.048189 -1.055696 0.166348 0.017411 0.008280 -0.026191 0.999471
1755487253.060578 18.064092 -1.057641 0.168155 0.016373 0.008724 -0.025158 0.999511
1755487253.141954 18.134984 -1.062467 0.174427 0.013936 0.009949 -0.025075 0.999539
1755487253.161074 18.139718 -1.062617 0.177253 0.013555 0.010802 -0.025243 0.999531
1755487253.242354 18.213620 -1.065200 0.182068 0.010977 0.015284 -0.027774 0.999437
1755487253.261578 18.231156 -1.066012 0.182540 0.009799 0.017125 -0.028576 0.999397
1755487253.341809 18.303847 -1.067174 0.175506 0.008117 0.018764 -0.033331 0.999235
1755487253.360987 18.321478 -1.067500 0.173674 0.007009 0.019967 -0.034975 0.999164
1755487253.441679 18.396536 -1.065587 0.163266 0.005181 0.020359 -0.041338 0.998924
1755487253.460542 18.413759 -1.065107 0.162267 0.004244 0.021112 -0.043120 0.998838
1755487253.541191 18.484974 -1.060405 0.158323 0.003551 0.015515 -0.048153 0.998713
1755487253.560692 18.500706 -1.059613 0.159383 0.003207 0.013534 -0.048070 0.998747
1755487253.642885 18.565382 -1.057806 0.169208 0.005805 0.003094 -0.044094 0.999006
1755487253.662467 18.580226 -1.058014 0.173346 0.006206 0.002042 -0.045859 0.998927
1755487253.742347 18.641472 -1.061463 0.182468 0.008039 -0.002965 -0.054579 0.998473
1755487253.761423 18.656690 -1.063435 0.185243 0.008654 -0.002466 -0.057536 0.998303
1755487253.841356 18.724501 -1.076307 0.191594 0.013135 -0.000011 -0.065943 0.997737
1755487253.861193 18.741758 -1.080199 0.192956 0.014209 0.001649 -0.067899 0.997590
1755487253.942401 18.815255 -1.096855 0.188906 0.017806 0.007138 -0.075303 0.996976
1755487253.961902 18.833000 -1.100790 0.187509 0.018266 0.008918 -0.076924 0.996830
1755487254.041744 18.906059 -1.120936 0.176160 0.021011 0.014293 -0.082275 0.996286
1755487254.060809 18.922975 -1.126723 0.174253 0.021956 0.015472 -0.082215 0.996253
1755487254.141497 18.994634 -1.153207 0.164554 0.027115 0.016560 -0.078427 0.996413
1755487254.161377 18.999495 -1.155264 0.164752 0.027380 0.016678 -0.077955 0.996441
1755487254.242435 19.066104 -1.182362 0.161081 0.031481 0.010570 -0.069342 0.997040
1755487254.261504 19.081410 -1.187408 0.162870 0.031308 0.009609 -0.070533 0.996972
1755487254.342000 19.146618 -1.205477 0.173504 0.027785 0.002927 -0.070986 0.997086
1755487254.361037 19.150675 -1.206495 0.175754 0.027474 0.003065 -0.070538 0.997126
1755487254.442858 19.220156 -1.220022 0.186255 0.022817 0.001569 -0.063652 0.997710
1755487254.461713 19.237139 -1.222990 0.189213 0.022375 0.003244 -0.062171 0.997809
1755487254.542984 19.315113 -1.237178 0.198493 0.020192 0.009795 -0.058860 0.998014
1755487254.561500 19.318808 -1.237974 0.200149 0.020135 0.010420 -0.058593 0.998024
1755487254.642501 19.398282 -1.251312 0.200949 0.018358 0.018581 -0.057243 0.998019
1755487254.661385 19.416565 -1.253887 0.200275 0.017470 0.020197 -0.058440 0.997934
1755487254.742253 19.494480 -1.262080 0.191771 0.013554 0.024271 -0.063794 0.997576
1755487254.761482 19.499071 -1.262358 0.191564 0.013288 0.024517 -0.064131 0.997552
1755487254.841667 19.575181 -1.266486 0.182019 0.008516 0.025364 -0.069385 0.997231
1755487254.860794 19.592985 -1.267209 0.180573 0.007420 0.024782 -0.070298 0.997191
1755487254.941658 19.665050 -1.268190 0.176628 0.003195 0.017663 -0.072326 0.997220
1755487254.960853 19.682051 -1.269118 0.178390 0.002745 0.016070 -0.070829 0.997355
1755487255.042807 19.753391 -1.275532 0.188836 0.004088 0.010442 -0.070507 0.997448
1755487255.061307 19.769214 -1.277025 0.191335 0.003968 0.010120 -0.072363 0.997319
1755487255.142688 19.838607 -1.286172 0.198423 0.004172 0.008788 -0.079740 0.996768
1755487255.162403 19.849132 -1.288392 0.200205 0.004704 0.009483 -0.080182 0.996724
1755487255.242695 19.919580 -1.306813 0.204803 0.010258 0.012671 -0.082632 0.996447
1755487255.260914 19.935706 -1.311155 0.205299 0.011212 0.014031 -0.082200 0.996454
1755487255.342207 20.008550 -1.330175 0.200247 0.014094 0.017565 -0.084188 0.996195
1755487255.361197 20.025822 -1.334650 0.198905 0.014583 0.018844 -0.083982 0.996182
1755487255.442322 20.099075 -1.356867 0.188984 0.017591 0.020687 -0.081974 0.996264
1755487255.461075 20.115939 -1.362280 0.187547 0.018266 0.021141 -0.080350 0.996375
1755487255.542108 20.187089 -1.387023 0.181144 0.021233 0.018650 -0.073602 0.996887
1755487255.561414 20.191349 -1.388689 0.181787 0.021270 0.018519 -0.072932 0.996938
1755487255.643548 20.262370 -1.413646 0.185447 0.022559 0.010328 -0.067568 0.997406
1755487255.662314 20.278811 -1.418134 0.188709 0.022168 0.008835 -0.065091 0.997594
1755487255.743012 20.350882 -1.433159 0.202939 0.017894 0.006745 -0.063152 0.997821
1755487255.761828 20.367619 -1.435544 0.205532 0.016792 0.006967 -0.061222 0.997959
1755487255.843300 20.442668 -1.445863 0.213150 0.011930 0.009320 -0.058090 0.998197
1755487255.861676 20.450346 -1.446745 0.215419 0.011569 0.010577 -0.058216 0.998181
1755487255.942526 20.529663 -1.459407 0.219958 0.008522 0.017503 -0.058154 0.998118
1755487255.961946 20.534753 -1.460001 0.221670 0.008378 0.018326 -0.058179 0.998103
1755487256.042942 20.614011 -1.474084 0.217996 0.006856 0.023562 -0.059390 0.997933
1755487256.062566 20.632963 -1.476829 0.216807 0.006222 0.024924 -0.060189 0.997856
1755487256.142769 20.707436 -1.486769 0.209198 0.003732 0.026190 -0.064799 0.997548
1755487256.161744 20.725223 -1.488462 0.208099 0.002889 0.026862 -0.066097 0.997447
1755487256.242195 20.800205 -1.494752 0.202553 0.000217 0.024505 -0.069569 0.997276
1755487256.261842 20.818038 -1.495692 0.202105 -0.000746 0.023327 -0.070554 0.997235
1755487256.343259 20.891220 -1.501784 0.206206 -0.002173 0.015996 -0.068384 0.997528
1755487256.365093 20.891374 -1.502172 0.206600 -0.002232 0.016049 -0.068227 0.997538
1755487256.442736 20.959779 -1.511766 0.216141 -0.000918 0.009622 -0.072877 0.997294
1755487256.461757 20.976651 -1.513544 0.218448 -0.001227 0.009739 -0.076104 0.997052
1755487256.543429 21.051134 -1.528493 0.226850 0.000048 0.009923 -0.085558 0.996284
1755487256.563045 21.069708 -1.533077 0.229694 0.000727 0.011512 -0.087603 0.996089
1755487256.643003 21.146581 -1.554873 0.235122 0.004525 0.015293 -0.091280 0.995698
1755487256.661500 21.163916 -1.559592 0.235320 0.004940 0.016779 -0.091524 0.995649
1755487256.741636 21.239412 -1.583664 0.226801 0.007756 0.019670 -0.091276 0.995601
1755487256.761228 21.244581 -1.585386 0.226751 0.007999 0.020180 -0.091058 0.995609
1755487256.842679 21.322680 -1.616811 0.214726 0.012782 0.021780 -0.084162 0.996132
1755487256.861875 21.340846 -1.623978 0.213047 0.013506 0.022083 -0.082775 0.996232
1755487256.942719 21.415021 -1.655929 0.208893 0.016134 0.017334 -0.073744 0.996996
1755487256.962176 21.418962 -1.657205 0.209688 0.016240 0.017224 -0.073429 0.997019
1755487257.042465 21.492747 -1.687684 0.219803 0.017183 0.010558 -0.066574 0.997578
1755487257.064132 21.513336 -1.694049 0.224477 0.016787 0.011630 -0.063533 0.997771
1755487257.142899 21.587274 -1.715159 0.235115 0.013603 0.011210 -0.060110 0.998036
1755487257.164775 21.591300 -1.715947 0.237431 0.013659 0.011849 -0.059796 0.998047
1755487257.242273 21.667983 -1.734712 0.247708 0.011304 0.017699 -0.056989 0.998154
1755487257.261482 21.687133 -1.739106 0.250054 0.011106 0.019959 -0.056203 0.998158
1755487257.342733 21.766539 -1.758346 0.250978 0.010961 0.023995 -0.053310 0.998229
1755487257.361935 21.771011 -1.758802 0.251842 0.010945 0.024516 -0.053462 0.998209
1755487257.443332 21.850627 -1.774671 0.243887 0.009089 0.028159 -0.054640 0.998068
1755487257.462884 21.858227 -1.775839 0.243408 0.008909 0.028619 -0.054953 0.998039
1755487257.543144 21.938663 -1.785587 0.234410 0.004766 0.028444 -0.055620 0.998035
1755487257.561445 21.939117 -1.785044 0.234214 0.004714 0.028406 -0.055749 0.998030
1755487257.642733 22.021010 -1.788488 0.230555 -0.001968 0.020879 -0.059574 0.998004
1755487257.661999 22.039398 -1.789266 0.231829 -0.003354 0.018372 -0.059603 0.998047
1755487257.742688 22.115776 -1.793079 0.242541 -0.005997 0.008923 -0.060793 0.998093
1755487257.762462 22.133374 -1.794653 0.245165 -0.006251 0.007884 -0.063344 0.997941
1755487257.844835 22.209900 -1.804363 0.254320 -0.006895 0.004365 -0.070365 0.997488
1755487257.862461 22.214916 -1.805238 0.256399 -0.006575 0.004894 -0.070855 0.997453
1755487257.944125 22.296123 -1.824051 0.263863 -0.000248 0.007573 -0.070883 0.997456
1755487257.962258 22.299752 -1.824963 0.265081 0.000082 0.008027 -0.070811 0.997457
1755487258.042889 22.382302 -1.844752 0.261353 0.004874 0.012136 -0.066386 0.997708
1755487258.063003 22.402569 -1.849646 0.259044 0.005485 0.013553 -0.065962 0.997715
1755487258.142771 22.484756 -1.871424 0.247746 0.009372 0.015607 -0.060951 0.997975
1755487258.162724 22.505138 -1.877520 0.245717 0.010536 0.016382 -0.058249 0.998112
1755487258.244070 22.588473 -1.903074 0.237771 0.015990 0.014326 -0.042081 0.998883
1755487258.262707 22.606693 -1.908361 0.237586 0.016827 0.013184 -0.037930 0.999052
1755487258.342655 22.685297 -1.928514 0.244123 0.017881 0.007031 -0.032452 0.999289
1755487258.361784 22.703762 -1.931775 0.248430 0.017462 0.006077 -0.031928 0.999319
1755487258.443594 22.782849 -1.942431 0.263657 0.013790 0.004084 -0.025768 0.999564
1755487258.461635 22.799828 -1.944303 0.266404 0.013216 0.004352 -0.023601 0.999625
1755487258.543190 22.880032 -1.952141 0.275788 0.011279 0.007453 -0.015801 0.999784
1755487258.562354 22.884142 -1.952444 0.276603 0.011186 0.007784 -0.015735 0.999783
1755487258.664439 22.989955 -1.963159 0.279544 0.010277 0.016001 -0.013988 0.999721
1755487258.743310 23.072574 -1.970010 0.270982 0.009468 0.020073 -0.014278 0.999652
1755487258.764009 23.094210 -1.971049 0.268973 0.009005 0.021607 -0.015125 0.999612
1755487258.843738 23.178212 -1.973222 0.257902 0.007268 0.023460 -0.015802 0.999573
1755487258.863009 23.185649 -1.973212 0.257450 0.007169 0.023769 -0.015997 0.999564
1755487258.943272 23.266187 -1.971214 0.248301 0.004525 0.019315 -0.016259 0.999671
1755487258.961984 23.269681 -1.971015 0.248411 0.004410 0.018948 -0.016279 0.999678
1755487259.043551 23.349603 -1.969655 0.254265 0.003348 0.010026 -0.012220 0.999869
1755487259.062323 23.356780 -1.969837 0.256152 0.003625 0.010080 -0.012688 0.999862
1755487259.143956 23.435833 -1.972791 0.265112 0.003848 0.006946 -0.020185 0.999765
1755487259.162279 23.453604 -1.974443 0.267651 0.003963 0.008021 -0.023033 0.999695
1755487259.245105 23.537013 -1.986866 0.274733 0.007428 0.010691 -0.026716 0.999558
1755487259.262466 23.543214 -1.987908 0.276449 0.007698 0.011409 -0.026886 0.999544
1755487259.343203 23.626303 -2.003108 0.275773 0.011907 0.016835 -0.024589 0.999485
1755487259.362428 23.645695 -2.006421 0.275163 0.012332 0.018805 -0.024495 0.999447
1755487259.443685 23.727764 -2.023148 0.267781 0.014041 0.022285 -0.020692 0.999439
1755487259.462768 23.746871 -2.027204 0.266946 0.014372 0.023626 -0.019517 0.999427
1755487259.542818 23.823468 -2.046497 0.260087 0.015512 0.024009 -0.011496 0.999525
1755487259.561735 23.827311 -2.047149 0.260624 0.015452 0.024102 -0.011076 0.999529
1755487259.643948 23.899089 -2.065497 0.257368 0.011741 0.016300 -0.005720 0.999782
1755487259.662846 23.914980 -2.068526 0.259355 0.010416 0.015286 -0.008140 0.999796
1755487259.743638 23.979459 -2.079908 0.271408 0.004115 0.008469 -0.007860 0.999925
1755487259.762577 23.994418 -2.081648 0.275036 0.002730 0.008152 -0.007542 0.999935
1755487259.843756 24.056559 -2.088411 0.285974 -0.001325 0.005035 0.003545 0.999980
1755487259.863091 24.073012 -2.088918 0.288727 -0.002083 0.005953 0.003907 0.999972
1755487259.943655 24.139023 -2.093359 0.298866 -0.005192 0.009291 0.008066 0.999911
1755487259.962840 24.141440 -2.093133 0.300416 -0.005252 0.009730 0.008227 0.999905
1755487260.045130 24.213037 -2.099391 0.300441 -0.005222 0.016037 0.012559 0.999779
1755487260.064649 24.218814 -2.099572 0.300925 -0.005139 0.016831 0.012552 0.999766
1755487260.145472 24.293608 -2.104818 0.293216 -0.004344 0.022932 0.014173 0.999627
1755487260.164278 24.295243 -2.104618 0.293568 -0.004320 0.023152 0.014186 0.999622
1755487260.244604 24.372927 -2.102988 0.284607 -0.004784 0.027477 0.015525 0.999490
1755487260.264043 24.390829 -2.101111 0.282937 -0.005286 0.027466 0.015695 0.999486
1755487260.344990 24.463989 -2.089352 0.275193 -0.007655 0.023156 0.016808 0.999561
1755487260.365532 24.466104 -2.088839 0.274832 -0.007748 0.022902 0.016929 0.999564
1755487260.443856 24.538483 -2.075150 0.274763 -0.007480 0.014610 0.025830 0.999532
1755487260.463334 24.555838 -2.071942 0.275582 -0.006951 0.013768 0.025129 0.999565
1755487260.543427 24.630628 -2.058801 0.275483 -0.006846 0.011644 0.026060 0.999569
1755487260.563117 24.634558 -2.057686 0.276389 -0.006799 0.011816 0.025909 0.999571
1755487260.642999 24.717407 -2.049240 0.281354 -0.003674 0.016069 0.024185 0.999572
1755487260.662419 24.737181 -2.047452 0.282683 -0.002780 0.017916 0.023926 0.999549
1755487260.743576 24.820618 -2.041550 0.278445 0.000654 0.020674 0.029275 0.999357
1755487260.762989 24.824112 -2.040913 0.279105 0.000811 0.020963 0.029541 0.999343
1755487260.843400 24.908417 -2.038048 0.264331 0.005006 0.022295 0.036441 0.999075
1755487260.862928 24.928807 -2.037430 0.260853 0.006000 0.022919 0.037801 0.999004
1755487260.943949 25.016742 -2.037240 0.248001 0.010160 0.021296 0.046040 0.998661
1755487260.962519 25.020187 -2.036916 0.248388 0.010286 0.021276 0.046303 0.998648
1755487261.043250 25.113734 -2.033512 0.247833 0.013591 0.017914 0.047040 0.998640
1755487261.063853 25.137253 -2.031102 0.250863 0.013677 0.017518 0.050776 0.998463
1755487261.144197 25.228597 -2.017815 0.259914 0.010640 0.019260 0.052848 0.998360
1755487261.163783 25.231943 -2.016998 0.260960 0.010388 0.019336 0.053138 0.998346
1755487261.244600 25.323273 -1.997418 0.269449 0.005989 0.025142 0.056706 0.998056
1755487261.263454 25.331589 -1.995519 0.271150 0.005854 0.026163 0.056773 0.998027
1755487261.342984 25.424766 -1.979470 0.272920 0.005399 0.032786 0.060928 0.997589
1755487261.363111 25.429671 -1.978314 0.273896 0.005439 0.033313 0.060933 0.997571
1755487261.444597 25.528079 -1.960949 0.265929 0.005041 0.038752 0.059570 0.997459
1755487261.462858 25.536457 -1.959036 0.265552 0.004956 0.039296 0.059128 0.997464
1755487261.544727 25.635832 -1.935095 0.252999 0.002230 0.040294 0.055243 0.997657
1755487261.563406 25.639633 -1.933869 0.252799 0.002147 0.040293 0.055103 0.997665
1755487261.643852 25.737394 -1.909545 0.248857 0.003712 0.034356 0.063277 0.997398
1755487261.663284 25.737839 -1.909542 0.248516 0.003727 0.034328 0.063296 0.997397
1755487261.743939 25.836287 -1.887421 0.257539 0.006226 0.027219 0.058787 0.997880
1755487261.762948 25.857808 -1.882073 0.259818 0.005750 0.026960 0.055706 0.998067
1755487261.843671 25.950514 -1.865901 0.267665 0.003914 0.024930 0.040588 0.998857
1755487261.862972 25.958924 -1.864488 0.269430 0.003926 0.025470 0.039259 0.998897
1755487261.943094 26.053632 -1.857905 0.271906 0.003898 0.028859 0.024333 0.999280
1755487261.964511 26.059430 -1.857413 0.272838 0.003927 0.029370 0.023690 0.999280
1755487262.043261 26.154729 -1.859026 0.265682 0.005384 0.034135 0.015300 0.999286
1755487262.063040 26.178109 -1.860261 0.263495 0.005702 0.035603 0.014519 0.999244
1755487262.144453 26.272878 -1.871590 0.252476 0.007938 0.035963 0.010804 0.999263
1755487262.163213 26.275757 -1.872226 0.252669 0.007985 0.036027 0.010771 0.999261
1755487262.244061 26.362796 -1.888798 0.247314 0.010438 0.027058 0.017717 0.999422
1755487262.263070 26.382817 -1.891915 0.249232 0.010851 0.025486 0.018145 0.999452
1755487262.343920 26.463011 -1.905922 0.259286 0.010541 0.020536 0.019597 0.999541
1755487262.362410 26.466151 -1.906390 0.260911 0.010567 0.020482 0.019920 0.999536
1755487262.443337 26.545772 -1.914329 0.271360 0.010644 0.018407 0.031681 0.999272
1755487262.462275 26.565085 -1.915203 0.274863 0.010673 0.019572 0.033075 0.999204
1755487262.544032 26.648026 -1.920774 0.282669 0.011002 0.022251 0.037715 0.998980
1755487262.562917 26.666996 -1.921490 0.283279 0.011307 0.023630 0.038614 0.998911
1755487262.643726 26.746213 -1.923800 0.277007 0.011336 0.025290 0.038152 0.998888
1755487262.663478 26.759064 -1.921784 0.275499 0.010868 0.026302 0.036081 0.998944
1755487262.743605 26.835272 -1.915203 0.263682 0.006748 0.025773 0.029586 0.999207
1755487262.762549 26.852896 -1.912338 0.261608 0.005705 0.026132 0.027950 0.999251
1755487262.843637 26.926746 -1.899388 0.252792 0.001568 0.020524 0.023272 0.999517
1755487262.862918 26.933284 -1.897689 0.252658 0.001257 0.019815 0.022977 0.999539
1755487262.946048 27.005678 -1.883005 0.256496 -0.001615 0.009050 0.025020 0.999645
1755487262.964282 27.006605 -1.882142 0.257587 -0.001610 0.008968 0.024802 0.999651
1755487263.044608 27.077064 -1.870640 0.266789 -0.003532 0.003439 0.012211 0.999913
1755487263.063323 27.083150 -1.869458 0.268487 -0.003569 0.003535 0.011155 0.999925
1755487263.144763 27.160794 -1.867706 0.278269 -0.000485 0.005724 0.003577 0.999977
1755487263.163073 27.178610 -1.868262 0.280308 0.000777 0.007606 0.001863 0.999969
1755487263.243951 27.257287 -1.872607 0.280034 0.004970 0.010986 0.000963 0.999927
1755487263.263342 27.276488 -1.873480 0.278883 0.005637 0.012739 0.000000 0.999903
1755487263.345718 27.358277 -1.881326 0.267255 0.008411 0.016002 -0.001933 0.999835
1755487263.365278 27.359994 -1.881836 0.268144 0.008526 0.016192 -0.001863 0.999831
1755487263.445117 27.444651 -1.893788 0.257355 0.012660 0.018655 -0.001431 0.999745
1755487263.465209 27.452316 -1.895145 0.257227 0.012985 0.018861 -0.001159 0.999737
1755487263.543285 27.537092 -1.907316 0.256968 0.016276 0.015882 -0.000559 0.999741
1755487263.563752 27.543648 -1.908396 0.258046 0.016390 0.015821 -0.000622 0.999740
1755487263.643698 27.631813 -1.914352 0.269802 0.015109 0.013175 -0.000002 0.999799
1755487263.663908 27.653617 -1.914362 0.272086 0.014177 0.013874 -0.001480 0.999802
1755487263.744689 27.739609 -1.911018 0.277252 0.008655 0.013513 0.000480 0.999871
1755487263.762962 27.743766 -1.910839 0.279355 0.008425 0.013904 0.000455 0.999868
1755487263.845420 27.830609 -1.905932 0.284154 0.004236 0.018017 -0.000789 0.999828
1755487263.865937 27.837351 -1.905727 0.285804 0.004111 0.018752 -0.000721 0.999815
1755487263.944705 27.919571 -1.899738 0.282299 0.001080 0.019480 -0.001409 0.999809
1755487263.963568 27.923334 -1.899196 0.283764 0.000986 0.019683 -0.001615 0.999804
1755487264.043994 28.009887 -1.889097 0.275599 -0.003503 0.017601 -0.005923 0.999821
1755487264.063254 28.010949 -1.888952 0.276010 -0.003507 0.017630 -0.005928 0.999821
1755487264.143916 28.099087 -1.877114 0.267936 -0.004771 0.008659 -0.002089 0.999949
1755487264.163376 28.104098 -1.876507 0.267984 -0.004696 0.008226 -0.001708 0.999954
1755487264.244432 28.195116 -1.865361 0.273934 -0.002748 -0.001325 0.009020 0.999955
1755487264.263408 28.203755 -1.864196 0.275527 -0.002555 -0.001561 0.008391 0.999960
1755487264.344055 28.295269 -1.854451 0.284563 -0.004587 -0.005011 -0.004122 0.999968
1755487264.362873 28.299226 -1.854103 0.286575 -0.004702 -0.004779 -0.004712 0.999966
1755487264.444266 28.398107 -1.853069 0.294710 -0.003933 0.000633 -0.016104 0.999862
1755487264.463276 28.408269 -1.853560 0.296450 -0.003545 0.001962 -0.016902 0.999849
1755487264.545350 28.508767 -1.862531 0.293448 -0.000218 0.008804 -0.021380 0.999733
1755487264.563818 28.524798 -1.864537 0.292708 0.000347 0.010744 -0.021609 0.999709
1755487264.644409 28.623126 -1.881674 0.280566 0.003925 0.016618 -0.023315 0.999582
1755487264.662791 28.632348 -1.883828 0.280118 0.004316 0.017262 -0.023022 0.999577
1755487264.763945 28.752749 -1.907821 0.269321 0.009113 0.020257 -0.014403 0.999650
1755487264.844161 28.835906 -1.933662 0.267784 0.009120 0.014650 -0.015511 0.999731
1755487264.863142 28.854123 -1.937874 0.271092 0.008445 0.013633 -0.015704 0.999748
1755487264.943898 28.933305 -1.954968 0.282088 0.005433 0.011475 -0.014370 0.999816
1755487264.963517 28.935194 -1.955952 0.284503 0.005382 0.011729 -0.013863 0.999821
1755487265.043761 29.017882 -1.967386 0.294507 0.002827 0.014330 -0.005398 0.999879
1755487265.063251 29.037439 -1.969530 0.297509 0.002418 0.016551 -0.004976 0.999848
1755487265.144263 29.122764 -1.979337 0.299631 0.001378 0.021626 -0.002832 0.999761
1755487265.164822 29.125053 -1.979188 0.301336 0.001373 0.022179 -0.002872 0.999749
1755487265.244076 29.210363 -1.987156 0.293979 0.000504 0.027214 -0.005203 0.999616
1755487265.263381 29.230735 -1.988367 0.292494 0.000118 0.028631 -0.006621 0.999568
1755487265.344779 29.315084 -1.990116 0.283241 -0.001832 0.029518 -0.011229 0.999500
1755487265.363803 29.333661 -1.989915 0.281808 -0.002277 0.029640 -0.012800 0.999476
1755487265.445064 29.410358 -1.986482 0.275102 -0.003800 0.023000 -0.016732 0.999588
1755487265.463919 29.415870 -1.985937 0.275560 -0.003889 0.022334 -0.016878 0.999601
1755487265.544433 29.489747 -1.982912 0.280272 -0.003491 0.013921 -0.015313 0.999780
1755487265.562811 29.501958 -1.982577 0.282106 -0.003099 0.013834 -0.017407 0.999748
1755487265.645284 29.576162 -1.984825 0.288045 -0.002938 0.011081 -0.026115 0.999593
1755487265.663651 29.592315 -1.986763 0.290695 -0.002122 0.012207 -0.027348 0.999549
1755487265.744783 29.666976 -1.999205 0.298134 0.002461 0.014404 -0.031277 0.999404
1755487265.764797 29.684633 -2.002587 0.299832 0.003772 0.016274 -0.030940 0.999382
1755487265.844542 29.757176 -2.015471 0.296771 0.006953 0.018628 -0.028342 0.999401
1755487265.863801 29.774313 -2.018898 0.295598 0.007675 0.020070 -0.027054 0.999403
1755487265.944982 29.850891 -2.036117 0.285071 0.011412 0.023220 -0.020453 0.999456
1755487265.964361 29.850779 -2.036644 0.287422 0.011432 0.023386 -0.020380 0.999453
1755487266.044233 29.930794 -2.057216 0.276058 0.015833 0.027313 -0.008153 0.999468
1755487266.063515 29.950268 -2.062167 0.274290 0.016139 0.027943 -0.006004 0.999461
1755487266.145096 30.031127 -2.080132 0.272271 0.013805 0.026527 -0.008070 0.999520
1755487266.163331 30.031858 -2.080014 0.273025 0.013742 0.026576 -0.008123 0.999519
1755487266.244390 30.110792 -2.095968 0.282487 0.008438 0.022221 -0.007556 0.999689
1755487266.263209 30.128841 -2.099479 0.284931 0.007746 0.022499 -0.007385 0.999690
1755487266.344517 30.206508 -2.113777 0.294916 0.005190 0.021411 -0.006077 0.999739
1755487266.363576 30.209504 -2.114385 0.297166 0.005118 0.021711 -0.006071 0.999733
1755487266.443943 30.291382 -2.127914 0.307393 0.004465 0.025594 -0.003272 0.999657
1755487266.463187 30.310706 -2.131063 0.309133 0.004552 0.027345 -0.002979 0.999611
1755487266.544255 30.393473 -2.142169 0.308054 0.003718 0.030036 -0.004148 0.999533
1755487266.563860 30.413139 -2.144364 0.307044 0.003333 0.031614 -0.005158 0.999481
1755487266.644637 30.495689 -2.150895 0.298209 0.001287 0.033527 -0.009725 0.999390
1755487266.664383 30.515193 -2.151945 0.296578 0.000765 0.034822 -0.010479 0.999338
1755487266.744327 30.594795 -2.154499 0.289283 -0.000755 0.032827 -0.010167 0.999409
1755487266.763184 30.596809 -2.154220 0.290387 -0.000771 0.032829 -0.010167 0.999409
1755487266.845229 30.676756 -2.155010 0.292257 -0.002471 0.023664 -0.005718 0.999701
1755487266.866245 30.682733 -2.154793 0.294334 -0.002371 0.023518 -0.005647 0.999705
1755487266.946324 30.759770 -2.157066 0.303656 -0.002141 0.017081 -0.007256 0.999825
1755487266.964732 30.760960 -2.156886 0.305636 -0.002148 0.017170 -0.007420 0.999823
1755487267.044712 30.840016 -2.163602 0.312558 -0.001316 0.017165 -0.013117 0.999766
1755487267.064237 30.847638 -2.164645 0.314370 -0.000908 0.018014 -0.013266 0.999749
1755487267.146909 30.933914 -2.177760 0.317978 0.002380 0.022042 -0.013132 0.999668
1755487267.165442 30.935048 -2.178401 0.319546 0.002435 0.022221 -0.013037 0.999665
1755487267.244408 31.018839 -2.193231 0.315825 0.004960 0.026486 -0.010792 0.999579
1755487267.263513 31.027424 -2.195345 0.315860 0.005274 0.027057 -0.010037 0.999570
1755487267.344372 31.114385 -2.215360 0.309132 0.007311 0.028978 -0.003934 0.999546
1755487267.364048 31.135515 -2.220410 0.308059 0.007799 0.029319 -0.001736 0.999538
1755487267.444534 31.216243 -2.241663 0.302931 0.007354 0.025052 0.006233 0.999640
1755487267.466170 31.222667 -2.243178 0.303337 0.007143 0.024545 0.006624 0.999651
1755487267.547147 31.299453 -2.259907 0.308093 0.002583 0.015581 0.008320 0.999841
1755487267.564356 31.300387 -2.260449 0.309864 0.002522 0.015580 0.008570 0.999839
1755487267.646115 31.376111 -2.270438 0.318503 -0.005291 0.009278 0.012916 0.999860
1755487267.664381 31.380865 -2.271256 0.320889 -0.005451 0.009569 0.013568 0.999847
1755487267.745540 31.460211 -2.279613 0.331283 -0.008182 0.011112 0.021158 0.999681
1755487267.764796 31.478523 -2.281612 0.334169 -0.008327 0.012761 0.022789 0.999624
1755487267.846067 31.558879 -2.288987 0.335617 -0.008250 0.015611 0.029323 0.999414
1755487267.864383 31.575392 -2.290456 0.335692 -0.008004 0.017121 0.029428 0.999388
1755487267.945791 31.654781 -2.295377 0.327801 -0.007703 0.019200 0.029892 0.999339
1755487267.964505 31.670596 -2.295939 0.326668 -0.007507 0.020436 0.029075 0.999340
1755487268.044410 31.747430 -2.295940 0.316853 -0.008137 0.020291 0.024677 0.999456
1755487268.064241 31.764453 -2.295141 0.315733 -0.008092 0.020664 0.023040 0.999488
1755487268.145538 31.836438 -2.290723 0.307059 -0.008740 0.014246 0.017254 0.999711
1755487268.164237 31.850303 -2.289493 0.306818 -0.008577 0.012137 0.015991 0.999762
1755487268.245323 31.917461 -2.288351 0.311560 -0.005398 0.004374 0.021035 0.999755
1755487268.265076 31.932083 -2.288288 0.314616 -0.004106 0.003720 0.018561 0.999812
1755487268.344387 31.996496 -2.289612 0.320070 -0.002035 0.000681 0.008879 0.999958
1755487268.363891 31.996467 -2.289351 0.321855 -0.002076 0.000794 0.008832 0.999959
1755487268.444689 32.071214 -2.295741 0.328418 0.004445 0.005483 0.003123 0.999970
1755487268.464232 32.089409 -2.297636 0.329863 0.006149 0.008025 0.003573 0.999943
1755487268.545151 32.166535 -2.303626 0.327668 0.009756 0.014284 0.002768 0.999847
1755487268.564069 32.167763 -2.303884 0.329445 0.009729 0.014405 0.002771 0.999845
1755487268.645760 32.250734 -2.308777 0.322165 0.011917 0.023011 0.004768 0.999653
1755487268.664554 32.258209 -2.309427 0.322293 0.012157 0.023864 0.005204 0.999628
1755487268.746180 32.343784 -2.312444 0.313845 0.012386 0.029547 0.010729 0.999429
1755487268.765044 32.345614 -2.313109 0.314737 0.012462 0.029645 0.010816 0.999424
1755487268.846155 32.429774 -2.315481 0.308866 0.010939 0.027940 0.019374 0.999362
1755487268.865003 32.449646 -2.316377 0.308590 0.010978 0.026647 0.022039 0.999342
1755487268.945025 32.528506 -2.318464 0.315303 0.009896 0.019521 0.026416 0.999411
1755487268.964468 32.532519 -2.318458 0.316895 0.009840 0.019513 0.026738 0.999404
1755487269.044793 32.612420 -2.314500 0.326344 0.006099 0.015970 0.037267 0.999159
1755487269.064018 32.631604 -2.313119 0.328657 0.005478 0.016456 0.039387 0.999074
1755487269.145191 32.713560 -2.306322 0.335545 0.001816 0.018690 0.043835 0.998862
1755487269.164929 32.716296 -2.305719 0.337101 0.001705 0.019026 0.043925 0.998852
1755487269.244852 32.798490 -2.298995 0.338649 -0.001545 0.023447 0.044512 0.998732
1755487269.264307 32.805776 -2.298150 0.339004 -0.001691 0.023995 0.044114 0.998737
1755487269.345845 32.888955 -2.291507 0.333170 -0.004581 0.026307 0.039262 0.998872
1755487269.365512 32.891167 -2.290917 0.333245 -0.004593 0.026413 0.039064 0.998877
1755487269.445671 32.973417 -2.282404 0.324939 -0.006810 0.026657 0.033212 0.999070
1755487269.466054 32.980602 -2.281297 0.324059 -0.006806 0.026531 0.032862 0.999085
1755487269.544856 33.059274 -2.269650 0.317853 -0.007957 0.020295 0.029783 0.999319
1755487269.565561 33.061972 -2.268865 0.317454 -0.007913 0.019883 0.029689 0.999330
1755487269.645083 33.138747 -2.257075 0.322547 -0.007668 0.008840 0.031109 0.999447
1755487269.664953 33.145192 -2.255800 0.324300 -0.007224 0.008648 0.030582 0.999469
1755487269.745786 33.222181 -2.248078 0.329276 -0.005796 0.002550 0.022746 0.999721
1755487269.765424 33.223471 -2.247806 0.331418 -0.005765 0.002710 0.022469 0.999727
1755487269.845230 33.304580 -2.244868 0.335328 -0.003884 0.004906 0.012955 0.999896
1755487269.865136 33.310610 -2.244714 0.336990 -0.003600 0.005806 0.012590 0.999897
1755487269.944923 33.396046 -2.244591 0.334910 -0.001230 0.011067 0.010586 0.999882
1755487269.964236 33.399106 -2.244978 0.336423 -0.001085 0.011624 0.010700 0.999875
1755487270.045887 33.490359 -2.249287 0.327182 0.000927 0.018354 0.013099 0.999745
1755487270.064605 33.510941 -2.250695 0.325356 0.001757 0.020139 0.014932 0.999684
1755487270.146094 33.603479 -2.260652 0.313085 0.004520 0.024753 0.018902 0.999505
1755487270.164815 33.605869 -2.261205 0.313082 0.004580 0.024876 0.019036 0.999499
1755487270.264986 33.720761 -2.272483 0.307336 0.007602 0.025864 0.029261 0.999208
1755487270.344671 33.808403 -2.284595 0.312586 0.007926 0.023262 0.029583 0.999260
1755487270.363998 33.827548 -2.285772 0.316388 0.007466 0.022630 0.030880 0.999239
1755487270.445645 33.912633 -2.291072 0.324394 0.005249 0.022482 0.034872 0.999125
1755487270.464438 33.917774 -2.291211 0.326101 0.005230 0.022890 0.035892 0.999080
1755487270.545328 34.005924 -2.293008 0.331310 0.003760 0.027851 0.041311 0.998751
1755487270.564284 34.025608 -2.293076 0.333084 0.003558 0.030104 0.042283 0.998646
1755487270.645944 34.115719 -2.293387 0.332041 0.003240 0.036300 0.044799 0.998331
1755487270.664280 34.134164 -2.293229 0.331429 0.003118 0.038148 0.044769 0.998264
1755487270.745553 34.219493 -2.290737 0.321434 0.001861 0.040928 0.041125 0.998314
1755487270.764209 34.237038 -2.289530 0.319374 0.001483 0.041845 0.039765 0.998331
1755487270.846132 34.319113 -2.281818 0.308009 -0.000799 0.040630 0.033408 0.998615
1755487270.864685 34.335758 -2.279588 0.306736 -0.001176 0.040306 0.032246 0.998666
1755487270.945659 34.412341 -2.269657 0.303905 -0.002013 0.031840 0.030926 0.999012
1755487270.965229 34.411195 -2.269741 0.302874 -0.002031 0.031752 0.030956 0.999014
1755487271.045420 34.489294 -2.261987 0.311680 0.000611 0.023946 0.032281 0.999192
1755487271.064367 34.495433 -2.261342 0.313987 0.000588 0.024226 0.031436 0.999212
1755487271.145544 34.577347 -2.258147 0.321741 0.000582 0.022171 0.016568 0.999617
1755487271.165746 34.580772 -2.258433 0.324528 0.000647 0.022560 0.016199 0.999614
1755487271.246089 34.670194 -2.263431 0.328715 0.004568 0.026813 0.006721 0.999607
1755487271.264240 34.671606 -2.263617 0.331171 0.004516 0.026990 0.006688 0.999603
1755487271.345556 34.766825 -2.273891 0.327502 0.008224 0.032389 0.000729 0.999441
1755487271.364663 34.772299 -2.275234 0.328424 0.008390 0.032827 0.000748 0.999426
1755487271.445636 34.868176 -2.292179 0.319161 0.012051 0.034981 -0.003281 0.999310
1755487271.465038 34.891835 -2.296557 0.316801 0.012390 0.034789 -0.002467 0.999315
1755487271.546258 34.982123 -2.314943 0.309519 0.012672 0.028356 -0.000591 0.999517
1755487271.565703 35.003628 -2.318109 0.310265 0.011297 0.026710 -0.003190 0.999574
1755487271.646308 35.089971 -2.330999 0.318613 0.007292 0.020990 -0.007803 0.999723
1755487271.665155 35.109505 -2.333486 0.321155 0.006666 0.020558 -0.006997 0.999742
1755487271.745853 35.190569 -2.341026 0.327896 0.004427 0.016575 -0.002055 0.999851
1755487271.764601 35.208713 -2.341652 0.331231 0.003438 0.017090 -0.001690 0.999847
1755487271.846250 35.290426 -2.343779 0.343211 0.000397 0.017547 -0.000792 0.999846
1755487271.864690 35.295256 -2.344011 0.344771 0.000168 0.017836 -0.000618 0.999841
1755487271.945556 35.376989 -2.345254 0.345276 -0.001670 0.018260 -0.002485 0.999829
1755487271.964840 35.395589 -2.345602 0.344465 -0.002196 0.018951 -0.003821 0.999811
1755487272.046096 35.479407 -2.344903 0.333744 -0.004074 0.019264 -0.014134 0.999706
1755487272.065258 35.484062 -2.344740 0.333561 -0.004266 0.019423 -0.014833 0.999692
1755487272.145110 35.568892 -2.339818 0.322500 -0.005894 0.016190 -0.021761 0.999615
1755487272.164279 35.588725 -2.338106 0.321538 -0.006185 0.014714 -0.022226 0.999626
1755487272.245447 35.673861 -2.328988 0.327084 -0.005648 0.007893 -0.017741 0.999795
1755487272.264859 35.693458 -2.327144 0.331074 -0.005365 0.007242 -0.020270 0.999754
1755487272.345625 35.776671 -2.320068 0.339886 -0.005638 0.005737 -0.030996 0.999487
1755487272.365141 35.778982 -2.320007 0.341897 -0.005617 0.006014 -0.031390 0.999473
1755487272.445422 35.867956 -2.320993 0.347020 -0.001867 0.011078 -0.038122 0.999210
1755487272.464805 35.875733 -2.321510 0.348268 -0.001446 0.012098 -0.038399 0.999188
1755487272.546272 35.972340 -2.327179 0.344705 0.004046 0.019688 -0.037142 0.999108
1755487272.565288 35.994737 -2.328691 0.343112 0.004780 0.021897 -0.035783 0.999108
1755487272.645756 36.091562 -2.336638 0.330461 0.009125 0.027504 -0.032004 0.999068
1755487272.664569 36.113377 -2.338734 0.327582 0.009860 0.028634 -0.030351 0.999080
1755487272.745826 36.208421 -2.348626 0.314058 0.013295 0.029714 -0.024841 0.999161
1755487272.764407 36.229250 -2.350676 0.311971 0.013663 0.029709 -0.022297 0.999216
1755487272.845588 36.319920 -2.357790 0.310294 0.015736 0.023522 -0.016196 0.999468
1755487272.865285 36.341071 -2.358066 0.313695 0.014871 0.023015 -0.017102 0.999478
1755487272.945254 36.426708 -2.354977 0.324333 0.010485 0.020859 -0.016626 0.999589
1755487272.964971 36.445994 -2.353306 0.326745 0.008895 0.020334 -0.015730 0.999630
1755487273.046238 36.529317 -2.347078 0.335358 0.004458 0.020567 -0.011287 0.999715
1755487273.065106 36.548051 -2.345905 0.338263 0.003511 0.021963 -0.011258 0.999689
1755487273.145808 36.630949 -2.341358 0.344384 0.001210 0.024900 -0.009923 0.999640
1755487273.165006 36.649676 -2.340593 0.345051 0.000712 0.026354 -0.009121 0.999611
1755487273.245553 36.730871 -2.336452 0.339684 -0.000813 0.027330 -0.010085 0.999575
1755487273.264900 36.749262 -2.335463 0.337943 -0.001345 0.028118 -0.010919 0.999544
1755487273.345910 36.831123 -2.329233 0.325724 -0.002878 0.026645 -0.015121 0.999526
1755487273.365175 36.849657 -2.327670 0.323563 -0.003331 0.026676 -0.015760 0.999514
1755487273.446290 36.929449 -2.318880 0.315060 -0.003941 0.018981 -0.018020 0.999650
1755487273.464760 36.934427 -2.318531 0.316192 -0.003939 0.018599 -0.017577 0.999665
1755487273.546877 37.017481 -2.310485 0.323926 -0.002762 0.011151 -0.015288 0.999817
1755487273.565187 37.035536 -2.309331 0.326155 -0.002498 0.011075 -0.017307 0.999786
1755487273.665823 37.137625 -2.307117 0.335223 -0.002788 0.013704 -0.030987 0.999422
1755487273.746000 37.227444 -2.313377 0.342802 0.000637 0.018951 -0.037644 0.999111
1755487273.765611 37.248226 -2.315539 0.343608 0.001403 0.021726 -0.038161 0.999034
1755487273.845887 37.337614 -2.324604 0.338436 0.003818 0.027561 -0.038826 0.998859
1755487273.865301 37.344040 -2.325764 0.339473 0.003953 0.028689 -0.038681 0.998832
1755487273.947822 37.438337 -2.340168 0.328101 0.007765 0.034475 -0.037150 0.998685
1755487273.967188 37.439343 -2.341139 0.329219 0.007829 0.034649 -0.036967 0.998685
1755487274.048361 37.532099 -2.360652 0.318539 0.012636 0.034305 -0.030204 0.998875
1755487274.068708 37.537235 -2.362461 0.318156 0.012850 0.034064 -0.029224 0.998910
1755487274.146785 37.618944 -2.379512 0.318697 0.014894 0.024142 -0.026310 0.999251
1755487274.164976 37.636972 -2.382836 0.320797 0.014630 0.022578 -0.023379 0.999365
1755487274.246340 37.716053 -2.393966 0.331049 0.012948 0.016075 -0.018208 0.999621
1755487274.266414 37.734119 -2.395806 0.334039 0.012146 0.015284 -0.014808 0.999700
1755487274.346709 37.809738 -2.401360 0.347171 0.010671 0.013085 -0.007890 0.999826
1755487274.365321 37.811671 -2.401612 0.349973 0.010612 0.013414 -0.007664 0.999824
1755487274.445963 37.889928 -2.404555 0.357607 0.008352 0.013825 -0.005149 0.999856
1755487274.464700 37.907224 -2.405147 0.358432 0.007494 0.014764 -0.005861 0.999846
1755487274.547164 37.986426 -2.405373 0.354922 0.004962 0.015079 -0.012048 0.999801
1755487274.566582 37.987076 -2.405032 0.356427 0.004822 0.015266 -0.012279 0.999796
1755487274.647296 38.067858 -2.402132 0.348150 0.001851 0.014790 -0.020213 0.999685
1755487274.665894 38.072686 -2.401665 0.348391 0.001685 0.014927 -0.020738 0.999672
1755487274.746545 38.154001 -2.396220 0.340487 0.001077 0.009659 -0.025699 0.999622
1755487274.765325 38.156582 -2.395924 0.340518 0.001017 0.009382 -0.025770 0.999623
1755487274.847069 38.240488 -2.389657 0.342820 0.002343 0.001560 -0.023867 0.999711
1755487274.866134 38.246044 -2.388890 0.344181 0.002492 0.001636 -0.024589 0.999693
1755487274.947601 38.331629 -2.385525 0.349719 0.003545 0.000745 -0.037171 0.999302
1755487274.964885 38.349387 -2.385569 0.351386 0.003501 0.002189 -0.039926 0.999194
1755487275.048215 38.437940 -2.387858 0.357401 0.004999 0.007040 -0.051095 0.998656
1755487275.065423 38.441838 -2.388341 0.358896 0.005111 0.007737 -0.051528 0.998629
1755487275.148824 38.531326 -2.393059 0.357417 0.005710 0.014097 -0.058767 0.998156
1755487275.165527 38.531282 -2.393336 0.358482 0.005742 0.014248 -0.058738 0.998155
1755487275.246879 38.618504 -2.401831 0.349879 0.006977 0.018745 -0.060139 0.997990
1755487275.267408 38.625576 -2.402952 0.349532 0.007216 0.019128 -0.059892 0.997996
1755487275.365521 38.727113 -2.420051 0.341428 0.010690 0.019084 -0.057695 0.998095
1755487275.446031 38.805020 -2.438803 0.336663 0.014312 0.011960 -0.052595 0.998442
1755487275.465506 38.823151 -2.442869 0.338586 0.014830 0.010278 -0.051445 0.998513
1755487275.546648 38.897919 -2.456781 0.351130 0.016534 0.003178 -0.042926 0.998936
1755487275.565640 38.896569 -2.458441 0.351102 0.016533 0.003199 -0.042656 0.998948
1755487275.646321 38.974815 -2.465351 0.362447 0.014633 -0.000530 -0.031821 0.999386
1755487275.666147 38.981407 -2.465754 0.364470 0.014501 0.000135 -0.031325 0.999404
1755487275.747263 39.065213 -2.470395 0.373730 0.011859 0.003472 -0.027264 0.999552
1755487275.765901 39.064956 -2.471258 0.375089 0.011944 0.003633 -0.027096 0.999555
1755487275.846819 39.151110 -2.476063 0.374345 0.011163 0.006516 -0.024523 0.999616
1755487275.866156 39.158029 -2.476214 0.374166 0.010838 0.006876 -0.024923 0.999607
1755487275.946624 39.247182 -2.478151 0.366620 0.008619 0.009366 -0.031400 0.999426
1755487275.965761 39.268229 -2.478479 0.364854 0.007667 0.009814 -0.032841 0.999383
1755487276.046845 39.355967 -2.476638 0.354351 0.006594 0.008880 -0.037869 0.999221
1755487276.067704 39.361406 -2.476596 0.353632 0.006390 0.008563 -0.038235 0.999212
1755487276.146766 39.446022 -2.474806 0.349158 0.007305 0.002476 -0.038662 0.999223
1755487276.165743 39.465641 -2.474867 0.350055 0.007484 0.001663 -0.038353 0.999235
1755487276.246702 39.548211 -2.474809 0.352360 0.008259 0.000748 -0.049115 0.998759
1755487276.266068 39.567544 -2.475844 0.353852 0.008259 0.001761 -0.052026 0.998610
1755487276.347115 39.649064 -2.485448 0.361203 0.011919 0.006113 -0.061187 0.998036
1755487276.366663 39.668387 -2.489041 0.363698 0.013084 0.008318 -0.062716 0.997911
1755487276.447140 39.746637 -2.503358 0.366480 0.017618 0.013555 -0.067367 0.997481
1755487276.467181 39.745891 -2.503344 0.368935 0.017750 0.013797 -0.067326 0.997478
1755487276.547249 39.825954 -2.518354 0.361781 0.020793 0.018550 -0.070021 0.997156
1755487276.565646 39.843693 -2.522124 0.359764 0.021189 0.019669 -0.069663 0.997152
1755487276.646851 39.922315 -2.540257 0.348144 0.023724 0.020221 -0.070822 0.997002
1755487276.664975 39.939467 -2.544801 0.346350 0.024072 0.020499 -0.070767 0.996992
1755487276.747444 40.017123 -2.566399 0.340139 0.027462 0.016158 -0.062646 0.997527
1755487276.765779 40.018237 -2.567483 0.340633 0.027541 0.016053 -0.062127 0.997559
1755487276.846281 40.096547 -2.585257 0.348106 0.029164 0.009859 -0.051066 0.998221
1755487276.865458 40.114224 -2.588175 0.351074 0.028448 0.010020 -0.048822 0.998352
1755487276.946502 40.188555 -2.594637 0.358350 0.023957 0.006201 -0.040508 0.998873
1755487276.965859 40.206089 -2.595963 0.360610 0.023083 0.006975 -0.037013 0.999024
1755487277.047054 40.285676 -2.599564 0.370387 0.020310 0.010502 -0.030493 0.999273
1755487277.066016 40.291069 -2.599925 0.372185 0.020156 0.011377 -0.030067 0.999280
1755487277.146358 40.375010 -2.601487 0.374497 0.016738 0.016713 -0.026575 0.999367
1755487277.165474 40.388265 -2.601895 0.374338 0.016085 0.018329 -0.027043 0.999337
1755487277.247004 40.472540 -2.601234 0.366819 0.012257 0.021367 -0.031149 0.999211
1755487277.265910 40.479144 -2.601303 0.366634 0.011911 0.021977 -0.031376 0.999195
1755487277.347131 40.563467 -2.598114 0.356954 0.008432 0.022104 -0.034292 0.999132
1755487277.365757 40.581870 -2.596980 0.355658 0.007164 0.021868 -0.034825 0.999128
1755487277.446737 40.661851 -2.588633 0.354206 0.003677 0.014474 -0.035068 0.999273
1755487277.468259 40.667688 -2.588220 0.355450 0.003380 0.014262 -0.034611 0.999293
1755487277.547571 40.749279 -2.582642 0.367214 0.001854 0.010014 -0.037953 0.999228
1755487277.565829 40.751217 -2.582617 0.369194 0.001886 0.010238 -0.038119 0.999219
1755487277.646782 40.836639 -2.581413 0.377765 0.000371 0.011846 -0.045930 0.998874
1755487277.666455 40.843147 -2.581594 0.379478 0.000460 0.012697 -0.046431 0.998841
1755487277.746782 40.934264 -2.588566 0.384150 0.002274 0.019168 -0.053195 0.998398
1755487277.765609 40.954964 -2.590610 0.384042 0.002470 0.021423 -0.053588 0.998330
1755487277.847715 41.046776 -2.603387 0.376887 0.004531 0.026929 -0.055434 0.998089
1755487277.866394 41.052957 -2.605151 0.376638 0.004754 0.027595 -0.055041 0.998091
1755487277.947129 41.143084 -2.624787 0.363521 0.009445 0.030950 -0.052596 0.998091
1755487277.966587 41.144821 -2.626108 0.363446 0.009502 0.031037 -0.052391 0.998099
1755487278.047060 41.233940 -2.650059 0.352432 0.013550 0.027472 -0.049869 0.998286
1755487278.065469 41.252912 -2.655672 0.351396 0.014100 0.025881 -0.047281 0.998447
1755487278.146583 41.337095 -2.679631 0.354912 0.015950 0.017742 -0.044625 0.998719
1755487278.165470 41.356632 -2.684339 0.358535 0.016106 0.016902 -0.041511 0.998865
1755487278.247099 41.440442 -2.700070 0.371216 0.015250 0.016054 -0.035291 0.999132
1755487278.266235 41.446057 -2.701502 0.372101 0.014879 0.016065 -0.034214 0.999175
1755487278.347956 41.531589 -2.708691 0.382257 0.009963 0.017499 -0.029407 0.999365
1755487278.366376 41.550970 -2.710187 0.384698 0.009095 0.019123 -0.029508 0.999340
1755487278.446672 41.634990 -2.715424 0.389335 0.005344 0.022002 -0.032374 0.999219
1755487278.466517 41.655485 -2.717201 0.389222 0.004599 0.023608 -0.033371 0.999154
1755487278.546287 41.737434 -2.720450 0.382432 0.000860 0.025665 -0.041127 0.998824
1755487278.565863 41.758013 -2.721326 0.380219 -0.000207 0.027065 -0.043712 0.998677
1755487278.647525 41.843820 -2.721445 0.370201 -0.003177 0.028388 -0.050708 0.998305
1755487278.666465 41.863621 -2.721799 0.368886 -0.003795 0.028756 -0.051433 0.998255
1755487278.747528 41.944749 -2.718995 0.366557 -0.005880 0.022398 -0.051944 0.998381
1755487278.766151 41.960332 -2.718845 0.368503 -0.006341 0.021865 -0.050979 0.998440
1755487278.847097 42.040989 -2.719777 0.379873 -0.004582 0.019390 -0.053366 0.998376
1755487278.866592 42.047165 -2.719955 0.381127 -0.004589 0.019639 -0.053810 0.998348
1755487278.947748 42.131175 -2.726351 0.389158 -0.002947 0.021917 -0.061185 0.997881
1755487278.967072 42.151168 -2.728944 0.391663 -0.002119 0.023754 -0.060889 0.997860
1755487279.047403 42.236093 -2.740686 0.396968 0.002029 0.029965 -0.062459 0.997595
1755487279.066373 42.255531 -2.743539 0.397002 0.002492 0.031925 -0.061792 0.997575
1755487279.147901 42.340618 -2.755839 0.388757 0.004813 0.037749 -0.061082 0.997407
1755487279.167026 42.360395 -2.759248 0.386143 0.005162 0.039586 -0.060385 0.997377
1755487279.248184 42.444462 -2.775736 0.373314 0.008948 0.042992 -0.054428 0.997552
1755487279.267043 42.463221 -2.779962 0.370799 0.009592 0.043645 -0.052491 0.997621
1755487279.347819 42.541098 -2.798087 0.360927 0.013567 0.040408 -0.042612 0.998182
1755487279.367171 42.558135 -2.802190 0.360002 0.014060 0.038457 -0.039460 0.998382
1755487279.446705 42.628427 -2.815871 0.363878 0.014314 0.029897 -0.038391 0.998713
1755487279.467791 42.646732 -2.818497 0.366741 0.013851 0.029095 -0.035297 0.998857
1755487279.547241 42.717690 -2.824486 0.375724 0.012331 0.025987 -0.027836 0.999199
1755487279.566419 42.735125 -2.825140 0.378885 0.011796 0.026754 -0.026184 0.999229
1755487279.647643 42.812650 -2.826568 0.389940 0.009720 0.030713 -0.024464 0.999182
1755487279.666705 42.830599 -2.826925 0.391985 0.009254 0.032576 -0.024472 0.999127
1755487279.748595 42.908145 -2.828004 0.392517 0.007805 0.037042 -0.026374 0.998935
1755487279.768208 42.926047 -2.828104 0.391401 0.007232 0.038659 -0.027726 0.998842
1755487279.848113 42.999362 -2.826350 0.383163 0.004983 0.040653 -0.035679 0.998524
1755487279.867023 43.016033 -2.825512 0.381366 0.004267 0.041480 -0.037507 0.998426
1755487279.948257 43.087237 -2.818802 0.373500 0.001755 0.039546 -0.044664 0.998217
1755487279.968129 43.103377 -2.816958 0.372101 0.001292 0.038907 -0.045861 0.998189
1755487280.048502 43.164693 -2.808046 0.367334 0.000732 0.027501 -0.047253 0.998504
1755487280.067857 43.178743 -2.806340 0.368288 0.000969 0.025507 -0.045002 0.998661
1755487280.149302 43.238662 -2.800963 0.375949 0.004642 0.016214 -0.039639 0.999072
1755487280.169108 43.252936 -2.799893 0.377723 0.005120 0.015264 -0.040749 0.999040
1755487280.247617 43.313264 -2.798381 0.383582 0.006459 0.012231 -0.046045 0.998844
1755487280.267231 43.328657 -2.798938 0.386157 0.007097 0.012955 -0.046914 0.998790
1755487280.347899 43.395741 -2.802503 0.393743 0.009606 0.014974 -0.052841 0.998444
1755487280.367327 43.411436 -2.803279 0.394633 0.009754 0.016346 -0.053466 0.998388
1755487280.447590 43.478489 -2.805479 0.391327 0.009215 0.018321 -0.056884 0.998170
1755487280.466590 43.494133 -2.806518 0.389723 0.009133 0.019376 -0.057141 0.998136
1755487280.547658 43.563534 -2.814455 0.380582 0.010911 0.020481 -0.054982 0.998218
1755487280.566839 43.580080 -2.817441 0.378709 0.011623 0.021267 -0.054247 0.998233
1755487280.648122 43.650226 -2.831714 0.370408 0.015193 0.019474 -0.049501 0.998469
1755487280.667755 43.666311 -2.835541 0.368914 0.015949 0.018962 -0.047694 0.998555
1755487280.748590 43.730636 -2.850423 0.364813 0.018645 0.009391 -0.039799 0.998990
1755487280.767255 43.745093 -2.853286 0.365660 0.018950 0.007334 -0.039711 0.999005
1755487280.848654 43.810464 -2.860530 0.379352 0.017095 -0.002130 -0.035586 0.999218
1755487280.869053 43.826906 -2.860502 0.383535 0.015548 -0.002487 -0.036190 0.999221
1755487280.948919 43.892978 -2.856684 0.395137 0.009294 -0.006669 -0.033698 0.999367
1755487280.967980 43.909357 -2.855531 0.398305 0.007879 -0.005649 -0.033785 0.999382
1755487281.049128 43.983186 -2.852824 0.408489 0.002795 -0.003395 -0.036194 0.999335
1755487281.069630 44.002008 -2.852968 0.410257 0.002173 -0.001687 -0.036235 0.999339
1755487281.148581 44.075821 -2.854241 0.409446 0.000536 0.001562 -0.038123 0.999272
1755487281.169396 44.095052 -2.854823 0.408185 0.000066 0.003100 -0.039502 0.999215
1755487281.249026 44.170959 -2.857466 0.398643 -0.000883 0.005086 -0.044554 0.998994
1755487281.267076 44.187970 -2.858150 0.396657 -0.000887 0.006105 -0.045036 0.998966
1755487281.348397 44.266893 -2.859784 0.387162 -0.000219 0.006271 -0.048328 0.998812
1755487281.367849 44.284988 -2.859740 0.385516 -0.000198 0.006274 -0.049201 0.998769
1755487281.449672 44.360976 -2.858045 0.385472 0.000358 0.000260 -0.047848 0.998855
1755487281.467768 44.377630 -2.858070 0.387809 0.000907 0.000155 -0.046679 0.998910
1755487281.549112 44.451900 -2.859541 0.396991 0.003547 -0.001688 -0.050727 0.998705
1755487281.567877 44.468639 -2.859846 0.398466 0.003591 -0.000962 -0.052726 0.998602
1755487281.647913 44.543114 -2.866019 0.403132 0.005849 0.001938 -0.059481 0.998210
1755487281.667200 44.561336 -2.868637 0.404654 0.007043 0.003979 -0.060437 0.998139
1755487281.748007 44.639544 -2.880839 0.405349 0.011549 0.009797 -0.064029 0.997833
1755487281.767302 44.657520 -2.883542 0.404556 0.012257 0.011785 -0.063788 0.997819
1755487281.848083 44.734906 -2.893952 0.396212 0.014177 0.016570 -0.062988 0.997776
1755487281.867694 44.753249 -2.896701 0.393942 0.014705 0.018224 -0.061953 0.997804
1755487281.948943 44.831110 -2.908383 0.383395 0.016617 0.020964 -0.055988 0.998073
1755487281.968069 44.849032 -2.911127 0.381277 0.016733 0.021916 -0.054753 0.998119
1755487282.049606 44.926771 -2.922574 0.374464 0.016754 0.020585 -0.050151 0.998389
1755487282.067195 44.942543 -2.924952 0.373892 0.016595 0.019864 -0.048521 0.998487
1755487282.147984 45.015385 -2.933482 0.378388 0.014632 0.013027 -0.048042 0.998653
1755487282.166848 45.031747 -2.934809 0.381451 0.013854 0.011566 -0.047545 0.998706
1755487282.267500 45.119244 -2.937165 0.394548 0.007810 0.007415 -0.040364 0.999127
1755487282.347636 45.192625 -2.937559 0.402676 0.004904 0.008007 -0.034779 0.999351
1755487282.366685 45.210013 -2.937962 0.404923 0.004400 0.009428 -0.034030 0.999367
1755487282.449023 45.287858 -2.939877 0.409360 0.002765 0.012708 -0.032109 0.999400
1755487282.468269 45.306052 -2.940467 0.409336 0.002478 0.014153 -0.032577 0.999366
1755487282.548948 45.383837 -2.943212 0.404508 0.001166 0.016817 -0.036384 0.999196
1755487282.568143 45.402360 -2.943722 0.402787 0.000852 0.018007 -0.038147 0.999110
1755487282.648665 45.481387 -2.945188 0.392808 0.000095 0.019009 -0.044708 0.998819
1755487282.668422 45.500321 -2.945233 0.390397 -0.000017 0.019617 -0.046200 0.998740
1755487282.749084 45.575905 -2.944498 0.381753 0.000074 0.014299 -0.050457 0.998624
1755487282.768087 45.575611 -2.945668 0.382831 0.000231 0.014437 -0.050172 0.998636
1755487282.848848 45.652460 -2.945630 0.386543 0.003502 0.008749 -0.047526 0.998826
1755487282.867255 45.657619 -2.945386 0.387790 0.003880 0.009065 -0.048072 0.998795
1755487282.948507 45.735890 -2.947145 0.394064 0.003870 0.008012 -0.058057 0.998274
1755487282.967257 45.753437 -2.948374 0.396100 0.004396 0.009383 -0.059598 0.998169
1755487283.048301 45.830723 -2.957165 0.405064 0.006950 0.012667 -0.065966 0.997717
1755487283.067296 45.836278 -2.957874 0.406294 0.007224 0.013472 -0.066360 0.997679
1755487283.149317 45.916566 -2.968076 0.407453 0.008383 0.018048 -0.071001 0.997278
1755487283.168073 45.934285 -2.970672 0.406585 0.008601 0.019517 -0.071493 0.997213
1755487283.248686 46.012482 -2.983902 0.399925 0.010617 0.022410 -0.069267 0.997290
1755487283.268078 46.030621 -2.987444 0.398000 0.011052 0.023329 -0.068331 0.997329
1755487283.348438 46.102928 -3.001454 0.389856 0.011585 0.022296 -0.065789 0.997517
1755487283.369792 46.120909 -3.004982 0.388484 0.010990 0.021390 -0.064356 0.997637
1755487283.449315 46.184235 -3.015917 0.389336 0.009121 0.014826 -0.060581 0.998012
1755487283.468533 46.198594 -3.018502 0.391531 0.008346 0.013361 -0.057849 0.998201
1755487283.548664 46.256587 -3.024650 0.403314 0.005575 0.008068 -0.050829 0.998659
1755487283.567309 46.256786 -3.024747 0.404357 0.005623 0.008186 -0.050671 0.998666
1755487283.648375 46.318572 -3.025614 0.417057 0.000703 0.006300 -0.042110 0.999093
1755487283.667217 46.333237 -3.026041 0.420019 0.000090 0.007186 -0.040306 0.999162
1755487283.747405 46.397880 -3.027241 0.426850 -0.001620 0.009357 -0.033289 0.999401
1755487283.766073 46.413252 -3.027787 0.427397 -0.001791 0.010593 -0.032405 0.999417
1755487283.847159 46.480983 -3.028004 0.423149 -0.003219 0.013320 -0.031060 0.999424
1755487283.865905 46.496965 -3.027978 0.421681 -0.003619 0.014471 -0.031758 0.999384
1755487283.947550 46.565804 -3.025720 0.411900 -0.004844 0.014869 -0.033590 0.999313
1755487283.967043 46.582270 -3.025114 0.409967 -0.004993 0.015281 -0.034448 0.999277
1755487284.048188 46.648432 -3.021105 0.399921 -0.005550 0.011713 -0.038440 0.999177
1755487284.067296 46.663540 -3.020447 0.398783 -0.005539 0.011203 -0.038455 0.999182
1755487284.148607 46.727123 -3.019699 0.401055 -0.002766 0.008032 -0.037365 0.999266
1755487284.167772 46.742201 -3.019758 0.403145 -0.002019 0.008926 -0.040246 0.999148
1755487284.246033 46.802760 -3.021191 0.407822 -0.001386 0.010989 -0.051552 0.998609
1755487284.266999 46.819456 -3.022404 0.409884 -0.001002 0.012809 -0.053571 0.998481
1755487284.349802 46.887012 -3.030291 0.417379 0.000076 0.019812 -0.066646 0.997580
1755487284.368551 46.902321 -3.032468 0.418634 0.000316 0.022077 -0.068963 0.997375
1755487284.448278 46.967456 -3.042251 0.418169 0.001368 0.028395 -0.074203 0.996838
1755487284.467482 46.982650 -3.045066 0.417478 0.001767 0.030111 -0.074347 0.996776
1755487284.548774 47.046056 -3.058066 0.411620 0.003412 0.033678 -0.075695 0.996556
1755487284.567854 47.060572 -3.061373 0.410072 0.003635 0.034486 -0.076095 0.996497
1755487284.648283 47.121143 -3.077417 0.405131 0.005095 0.033894 -0.074077 0.996663
1755487284.667463 47.135587 -3.081955 0.405546 0.005814 0.033945 -0.072830 0.996750
1755487284.748043 47.198147 -3.099886 0.420809 0.007339 0.032772 -0.074480 0.996657
1755487284.768145 47.213878 -3.103276 0.429368 0.006718 0.032689 -0.075994 0.996550
1755487284.848152 47.278269 -3.114653 0.477566 0.004053 0.033467 -0.079078 0.996298
1755487284.868433 47.293690 -3.117105 0.490216 0.003441 0.034879 -0.077711 0.996360
1755487284.948648 47.351643 -3.127490 0.531546 0.004866 0.038107 -0.070618 0.996763
1755487284.968572 47.364953 -3.129909 0.540632 0.005403 0.038841 -0.068160 0.996903
1755487285.047632 47.418003 -3.139051 0.575006 0.008669 0.042615 -0.060066 0.997247
1755487285.068190 47.431086 -3.140945 0.583128 0.009739 0.044171 -0.056876 0.997356
1755487285.149265 47.482298 -3.144957 0.610100 0.012147 0.046898 -0.046993 0.997720
1755487285.169188 47.483119 -3.143970 0.610801 0.012162 0.047017 -0.047219 0.997703
1755487285.248160 47.532547 -3.142724 0.629456 0.011239 0.047734 -0.047061 0.997688
1755487285.266792 47.543300 -3.141926 0.632799 0.010784 0.047769 -0.047832 0.997654
1755487285.349782 47.591275 -3.137200 0.646291 0.009778 0.043786 -0.051693 0.997655
1755487285.368602 47.601818 -3.136302 0.650492 0.009398 0.042709 -0.051161 0.997733
1755487285.450373 47.652486 -3.135328 0.677616 0.015368 0.043436 -0.043226 0.998002
1755487285.469428 47.664124 -3.135512 0.685070 0.016677 0.044131 -0.044442 0.997897
1755487285.547682 47.708286 -3.134623 0.713111 0.017892 0.047100 -0.054388 0.997248
1755487285.567125 47.718106 -3.133811 0.720256 0.017186 0.047475 -0.057182 0.997086
1755487285.649139 47.757007 -3.131200 0.753012 0.013654 0.048831 -0.072122 0.996106
1755487285.668486 47.765393 -3.131163 0.761781 0.012897 0.049525 -0.075538 0.995829
1755487285.749871 47.800002 -3.132458 0.794826 0.010580 0.049490 -0.085627 0.995041
1755487285.768867 47.807551 -3.133158 0.801218 0.009926 0.049535 -0.087080 0.994920
1755487285.850208 47.841310 -3.138370 0.818420 0.008549 0.048075 -0.089586 0.994781
1755487285.867916 47.848639 -3.140050 0.820099 0.008196 0.048023 -0.089679 0.994778
1755487285.948695 47.885076 -3.149648 0.825277 0.007265 0.045573 -0.087602 0.995086
1755487285.967674 47.894474 -3.152265 0.828329 0.006998 0.045897 -0.086430 0.995176
1755487286.047124 47.936631 -3.160610 0.855106 0.003205 0.046314 -0.086863 0.995138
1755487286.066253 47.947088 -3.161940 0.864957 0.001342 0.047478 -0.088481 0.994945
1755487286.148492 47.989398 -3.168869 0.905948 -0.001551 0.049976 -0.079274 0.995598
1755487286.167751 47.998006 -3.171454 0.914141 -0.001005 0.051070 -0.076948 0.995726
1755487286.249421 48.033600 -3.183632 0.945609 0.002194 0.053135 -0.065757 0.996417
1755487286.268065 48.041534 -3.186049 0.952498 0.002823 0.053972 -0.063367 0.996526
1755487286.348412 48.075808 -3.194387 0.978132 0.004741 0.055613 -0.054566 0.996949
1755487286.368153 48.084256 -3.195955 0.982955 0.004951 0.056305 -0.053110 0.996988
1755487286.449967 48.120261 -3.202092 0.995616 0.005306 0.056918 -0.051123 0.997055
1755487286.470391 48.129385 -3.203505 0.997258 0.005152 0.057326 -0.051054 0.997036
1755487286.548241 48.167439 -3.209159 1.001677 0.005419 0.057616 -0.052592 0.996938
1755487286.567966 48.177314 -3.210453 1.003442 0.005651 0.058061 -0.052826 0.996898
1755487286.649236 48.218926 -3.214616 1.016007 0.007088 0.055956 -0.053627 0.996967
1755487286.668614 48.228259 -3.215514 1.021494 0.007554 0.055156 -0.052625 0.997061
1755487286.748021 48.266929 -3.220050 1.054834 0.013549 0.054035 -0.049380 0.997225
1755487286.768192 48.276265 -3.220762 1.064460 0.014245 0.054358 -0.052225 0.997053
1755487286.847461 48.312006 -3.220902 1.097956 0.014073 0.053883 -0.060007 0.996643
1755487286.867424 48.314908 -3.220589 1.100816 0.013764 0.053994 -0.061045 0.996578
1755487286.947145 48.353116 -3.220992 1.133919 0.011329 0.054693 -0.072513 0.995802
1755487286.967313 48.354871 -3.221078 1.136220 0.011320 0.054994 -0.072915 0.995756
1755487287.050003 48.395346 -3.224655 1.164044 0.009977 0.054787 -0.079217 0.995301
1755487287.069513 48.403988 -3.225712 1.168092 0.009607 0.054890 -0.079073 0.995310
1755487287.149865 48.443122 -3.231141 1.178989 0.008461 0.053121 -0.077759 0.995520
1755487287.169080 48.452428 -3.232661 1.180571 0.007777 0.053154 -0.078022 0.995503
1755487287.249338 48.494513 -3.239742 1.187003 0.004902 0.051674 -0.077764 0.995620
1755487287.269205 48.504952 -3.242191 1.190466 0.003965 0.051330 -0.077262 0.995681
1755487287.350175 48.550212 -3.252254 1.220448 0.001528 0.050859 -0.076271 0.995788
1755487287.368449 48.559836 -3.254712 1.230358 0.000978 0.051214 -0.074159 0.995930
1755487287.448848 48.597586 -3.263845 1.266904 0.001653 0.050956 -0.062089 0.996768
1755487287.469214 48.605613 -3.266416 1.275118 0.002068 0.050101 -0.058467 0.997029
1755487287.550801 48.638571 -3.277694 1.307937 0.006089 0.049051 -0.045776 0.997728
1755487287.569540 48.644797 -3.280251 1.314374 0.007048 0.049352 -0.042697 0.997843
1755487287.649664 48.678051 -3.291083 1.340986 0.013142 0.049485 -0.027144 0.998319
1755487287.668525 48.685445 -3.293002 1.345248 0.014009 0.049645 -0.024712 0.998363
1755487287.749631 48.718551 -3.299544 1.355590 0.016020 0.049049 -0.021504 0.998436
1755487287.768605 48.726382 -3.300690 1.356866 0.016183 0.049412 -0.021675 0.998412
1755487287.849825 48.763587 -3.304217 1.359433 0.016931 0.049548 -0.023760 0.998346
1755487287.868841 48.772496 -3.304618 1.360560 0.017121 0.049744 -0.024195 0.998322
1755487287.948927 48.813473 -3.304069 1.371908 0.018185 0.048719 -0.025246 0.998328
1755487287.968193 48.823727 -3.303971 1.377562 0.018873 0.049541 -0.024668 0.998289
1755487288.049296 48.869078 -3.304131 1.410428 0.022903 0.051520 -0.028424 0.998005
1755487288.068771 48.879398 -3.303754 1.419233 0.023488 0.053302 -0.031710 0.997798
1755487288.149356 48.919514 -3.298403 1.450458 0.020770 0.056595 -0.043772 0.997221
1755487288.167811 48.927606 -3.296783 1.456924 0.019275 0.056956 -0.046828 0.997092
1755487288.249636 48.965587 -3.293770 1.484566 0.015421 0.058993 -0.061763 0.996227
1755487288.268777 48.967317 -3.293791 1.486915 0.015387 0.059503 -0.062550 0.996148
1755487288.348402 49.005552 -3.295318 1.506758 0.013162 0.062171 -0.072748 0.995324
1755487288.367605 49.006613 -3.295557 1.508191 0.013177 0.062431 -0.072702 0.995311
1755487288.449643 49.047472 -3.299625 1.518667 0.011014 0.064077 -0.073405 0.995181
1755487288.468528 49.054096 -3.300597 1.519916 0.010299 0.064475 -0.073299 0.995170
1755487288.549989 49.095607 -3.307632 1.530887 0.008459 0.062828 -0.069290 0.995580
1755487288.568474 49.105161 -3.309340 1.536023 0.007643 0.062605 -0.069024 0.995619
1755487288.648409 49.146316 -3.315087 1.570968 0.004599 0.063564 -0.065168 0.995837
1755487288.666879 49.154882 -3.316296 1.580301 0.003982 0.063954 -0.061070 0.996075
1755487288.748602 49.187177 -3.320804 1.614968 0.003773 0.062314 -0.048352 0.996878
1755487288.767876 49.193337 -3.322026 1.622278 0.003698 0.061405 -0.044511 0.997113
1755487288.849469 49.220056 -3.326065 1.653783 0.004933 0.057374 -0.031355 0.997848
1755487288.868966 49.226289 -3.327122 1.661345 0.005129 0.056905 -0.028147 0.997970
1755487288.947543 49.249831 -3.329208 1.684542 0.006407 0.053932 -0.017389 0.998373
1755487288.967802 49.255596 -3.329367 1.689330 0.006233 0.053275 -0.015871 0.998434
1755487289.068622 49.287064 -3.329400 1.704381 0.005025 0.050592 -0.014392 0.998603
1755487289.149799 49.316877 -3.328985 1.707905 0.005241 0.049877 -0.015848 0.998616
1755487289.169016 49.323947 -3.328690 1.708544 0.005124 0.050332 -0.016580 0.998582
