# timestamp tx ty tz qx qy qz qw
1755487229.837433 0.001824 -0.001576 -0.002812 0.002821 0.004424 -0.004360 0.999977
1755487229.856529 0.012906 -0.004102 -0.005474 0.003757 0.005656 -0.004370 0.999967
1755487229.937488 0.077849 -0.040583 -0.000529 0.008525 0.011375 -0.004851 0.999887
1755487229.958148 0.094464 -0.043936 -0.001375 0.009453 0.011716 -0.003797 0.999879
1755487230.037412 0.169951 -0.058222 -0.016063 0.009876 0.014503 0.007076 0.999821
1755487230.057938 0.181654 -0.045416 -0.024916 0.013320 0.015335 0.006175 0.999775
1755487230.137794 0.247824 -0.038685 -0.034562 0.012774 0.014538 0.016139 0.999682
1755487230.157907 0.267369 -0.035884 -0.036167 0.013990 0.013906 0.019737 0.999611
1755487230.236716 0.326428 -0.034923 -0.037924 0.012342 0.009000 0.025231 0.999565
1755487230.257499 0.348055 -0.030062 -0.035954 0.011814 0.007224 0.030660 0.999434
1755487230.336318 0.406079 -0.017444 -0.017340 0.006798 0.004254 0.033857 0.999395
1755487230.355522 0.420596 -0.014142 -0.015066 0.005048 0.003750 0.037277 0.999285
1755487230.436752 0.474553 -0.003811 -0.004582 0.001130 0.001340 0.046246 0.998929
1755487230.456447 0.491257 0.000272 -0.001539 0.000074 0.001554 0.049537 0.998771
1755487230.537218 0.548970 0.007886 0.008393 -0.001749 0.004494 0.053656 0.998548
1755487230.556366 0.566060 0.014629 0.008667 -0.001778 0.005036 0.054835 0.998481
1755487230.636504 0.625535 0.018664 0.006140 -0.002753 0.007838 0.054533 0.998477
1755487230.656112 0.630947 0.021769 0.004872 -0.002552 0.007660 0.054099 0.998503
1755487230.734679 0.693249 0.028753 -0.004712 -0.003819 0.010199 0.050331 0.998673
1755487230.754662 0.700509 0.031961 -0.005911 -0.003892 0.010242 0.049949 0.998692
1755487230.835678 0.771432 0.040962 -0.017124 -0.005331 0.010565 0.043855 0.998968
1755487230.855551 0.789015 0.049070 -0.018827 -0.005266 0.009825 0.043079 0.999009
1755487230.937165 0.851753 0.060903 -0.020046 -0.004778 0.004447 0.040355 0.999164
1755487230.956516 0.869004 0.065079 -0.019385 -0.004886 0.002753 0.040814 0.999151
1755487231.036366 0.929361 0.070736 -0.011636 -0.002170 -0.002972 0.034869 0.999385
1755487231.056032 0.945999 0.073665 -0.011422 -0.001613 -0.003923 0.032930 0.999449
1755487231.156368 1.022118 0.085173 -0.010233 -0.001198 -0.005143 0.021313 0.999759
1755487231.238187 1.088223 0.073771 -0.007209 0.003604 -0.003368 0.014883 0.999877
1755487231.256700 1.098122 0.073386 -0.005964 0.003818 -0.002461 0.014766 0.999881
1755487231.336900 1.161156 0.069891 -0.004618 0.005997 0.001910 0.012148 0.999906
1755487231.356097 1.176600 0.070758 -0.007536 0.006368 0.003495 0.012638 0.999894
1755487231.437324 1.240226 0.062153 -0.013783 0.009104 0.006709 0.015540 0.999815
1755487231.457976 1.253913 0.059972 -0.019645 0.010037 0.008581 0.017427 0.999761
1755487231.536484 1.318533 0.047267 -0.025726 0.013103 0.011220 0.021066 0.999629
1755487231.556293 1.334799 0.043697 -0.027552 0.013713 0.012126 0.021431 0.999603
1755487231.637584 1.400679 0.026790 -0.027446 0.016492 0.010842 0.027577 0.999425
1755487231.657896 1.419859 0.023025 -0.026172 0.017019 0.010900 0.028495 0.999390
1755487231.735971 1.480086 0.013616 -0.014335 0.015413 0.006731 0.029485 0.999424
1755487231.756079 1.495851 0.014948 -0.013196 0.015012 0.006881 0.029940 0.999415
1755487231.837418 1.555232 0.012891 0.002428 0.009941 0.006130 0.033412 0.999373
1755487231.856544 1.571032 0.014910 0.001385 0.009160 0.006203 0.035404 0.999312
1755487231.936315 1.629770 0.018203 0.009356 0.004033 0.009326 0.037275 0.999253
1755487231.956177 1.646085 0.020750 0.008296 0.003068 0.010633 0.037507 0.999235
1755487232.037493 1.712249 0.023083 0.014584 -0.000573 0.014601 0.039148 0.999127
1755487232.056939 1.726077 0.024695 0.011625 -0.000389 0.015511 0.039136 0.999113
1755487232.136281 1.790621 0.028548 0.009375 -0.002761 0.018816 0.037935 0.999099
1755487232.155981 1.806315 0.031430 0.006555 -0.003032 0.019002 0.036862 0.999135
1755487232.236877 1.872281 0.038460 0.000650 -0.006445 0.019724 0.033424 0.999226
1755487232.256368 1.889035 0.041200 -0.001198 -0.006851 0.019094 0.032324 0.999272
1755487232.336576 1.951515 0.051011 -0.000316 -0.010200 0.014791 0.030790 0.999364
1755487232.356401 1.967961 0.052911 0.001860 -0.010636 0.012835 0.031429 0.999367
1755487232.436979 2.027755 0.060540 0.017708 -0.010044 0.007281 0.034012 0.999344
1755487232.456936 2.044509 0.061564 0.021301 -0.009291 0.005274 0.032912 0.999401
1755487232.536942 2.096802 0.063529 0.027507 -0.009930 0.001460 0.023939 0.999663
1755487232.556630 2.108059 0.062692 0.028352 -0.009829 0.000282 0.021693 0.999716
1755487232.637280 2.168531 0.054126 0.035202 -0.008707 0.001656 0.014177 0.999860
1755487232.656410 2.181721 0.051203 0.036123 -0.007762 0.001668 0.012649 0.999888
1755487232.737890 2.248459 0.035431 0.036517 -0.005589 0.006151 0.009308 0.999922
1755487232.757024 2.263918 0.029533 0.035886 -0.004897 0.006665 0.010381 0.999912
1755487232.837533 2.332526 0.006451 0.030727 -0.001973 0.011281 0.011250 0.999871
1755487232.857517 2.349262 -0.003025 0.029321 -0.001182 0.011478 0.015322 0.999816
1755487232.937284 2.414682 -0.028907 0.022050 0.002320 0.013670 0.019303 0.999718
1755487232.956321 2.428010 -0.038070 0.020205 0.002903 0.013176 0.022759 0.999650
1755487233.037731 2.490573 -0.063204 0.016645 0.004205 0.010796 0.024753 0.999626
1755487233.056906 2.504139 -0.071938 0.016630 0.004227 0.009570 0.026072 0.999605
1755487233.137218 2.564592 -0.093165 0.022554 0.003306 0.003859 0.025178 0.999670
1755487233.156666 2.573515 -0.100559 0.026158 0.002392 0.002546 0.026130 0.999652
1755487233.235789 2.628199 -0.113753 0.035814 0.000099 -0.000123 0.022467 0.999748
1755487233.255970 2.644264 -0.117656 0.038109 -0.000530 -0.001270 0.024073 0.999709
1755487233.338192 2.702836 -0.124689 0.047730 -0.001660 -0.001032 0.023975 0.999711
1755487233.358382 2.721412 -0.127785 0.049858 -0.002079 -0.000909 0.024940 0.999686
1755487233.437274 2.782327 -0.130199 0.053518 -0.001808 0.001734 0.020205 0.999793
1755487233.456749 2.797839 -0.131847 0.052399 -0.001611 0.002173 0.020815 0.999780
1755487233.539590 2.867036 -0.132297 0.044281 -0.001139 0.006589 0.012385 0.999901
1755487233.557840 2.883850 -0.133190 0.041785 -0.001204 0.007541 0.011811 0.999901
1755487233.637963 2.956630 -0.130992 0.029270 -0.001389 0.011573 0.000213 0.999932
1755487233.656961 2.974373 -0.131016 0.027120 -0.001979 0.012350 -0.000208 0.999922
1755487233.736609 3.045773 -0.127016 0.019149 -0.002284 0.011909 -0.013013 0.999842
1755487233.755843 3.066441 -0.127712 0.019789 -0.002579 0.011315 -0.013212 0.999845
1755487233.837733 3.135887 -0.124738 0.028002 -0.001721 0.007342 -0.019305 0.999785
1755487233.856884 3.154314 -0.124820 0.031855 -0.002107 0.007154 -0.019700 0.999778
1755487233.937366 3.216824 -0.122083 0.042073 -0.001534 0.005266 -0.030937 0.999506
1755487233.956972 3.233645 -0.124396 0.044944 -0.001309 0.005604 -0.031136 0.999499
1755487234.037733 3.297495 -0.130406 0.053260 0.001682 0.009122 -0.038392 0.999220
1755487234.057633 3.315472 -0.134037 0.056317 0.002079 0.010206 -0.037196 0.999254
1755487234.137820 3.381851 -0.144398 0.056209 0.004203 0.015881 -0.042165 0.998976
1755487234.157830 3.400348 -0.148534 0.056152 0.004627 0.016914 -0.040819 0.999013
1755487234.238272 3.468266 -0.165793 0.049051 0.007989 0.022565 -0.042235 0.998821
1755487234.257073 3.484987 -0.171459 0.048047 0.008976 0.022881 -0.039785 0.998906
1755487234.337023 3.547969 -0.194585 0.038520 0.013596 0.025263 -0.040221 0.998779
1755487234.356085 3.563532 -0.202072 0.038945 0.014235 0.024614 -0.039115 0.998830
1755487234.436883 3.622596 -0.224649 0.031044 0.018314 0.021123 -0.037461 0.998907
1755487234.456721 3.637793 -0.231788 0.034817 0.018617 0.019051 -0.036008 0.998996
1755487234.538053 3.694361 -0.249442 0.041807 0.018614 0.011983 -0.037786 0.999041
1755487234.558256 3.710379 -0.254730 0.047605 0.017678 0.010405 -0.037052 0.999103
1755487234.637426 3.767278 -0.259699 0.055791 0.012312 0.007131 -0.038250 0.999167
1755487234.657217 3.780053 -0.261694 0.057657 0.011029 0.005912 -0.036302 0.999263
1755487234.738110 3.843971 -0.261277 0.062989 0.005939 0.007416 -0.037476 0.999252
1755487234.757679 3.858551 -0.262479 0.066037 0.004816 0.008103 -0.036686 0.999282
1755487234.837769 3.921661 -0.265106 0.071584 0.002082 0.011591 -0.036568 0.999262
1755487234.857647 3.937377 -0.266783 0.073996 0.001286 0.011931 -0.034881 0.999319
1755487234.936836 3.998561 -0.268675 0.068826 -0.000056 0.013730 -0.037384 0.999207
1755487234.957303 4.014505 -0.271018 0.068561 -0.001225 0.013608 -0.036818 0.999229
1755487235.038900 4.077023 -0.270144 0.058907 -0.002647 0.013289 -0.039654 0.999122
1755487235.058529 4.093328 -0.271936 0.059924 -0.003335 0.012716 -0.037994 0.999191
1755487235.139332 4.155665 -0.268496 0.056284 -0.003465 0.007693 -0.037007 0.999279
1755487235.157519 4.168435 -0.268686 0.057183 -0.003701 0.005032 -0.033996 0.999402
1755487235.238426 4.226383 -0.266880 0.065232 -0.002247 -0.004954 -0.029075 0.999562
1755487235.258119 4.233818 -0.267679 0.066540 -0.001980 -0.006022 -0.028468 0.999575
1755487235.337953 4.291276 -0.268683 0.074917 -0.000430 -0.011622 -0.035701 0.999295
1755487235.357282 4.305780 -0.271328 0.077783 -0.000499 -0.012049 -0.035463 0.999298
1755487235.437979 4.373275 -0.281355 0.085518 0.003151 -0.009848 -0.041016 0.999105
1755487235.457678 4.384606 -0.285845 0.088979 0.003625 -0.008541 -0.040811 0.999124
1755487235.537418 4.456262 -0.298673 0.088067 0.006425 -0.003027 -0.042786 0.999059
1755487235.557297 4.474717 -0.303460 0.088599 0.006478 -0.001782 -0.041226 0.999127
1755487235.638728 4.552260 -0.320737 0.081212 0.008781 0.004950 -0.040992 0.999109
1755487235.658350 4.562897 -0.323847 0.079638 0.009162 0.005297 -0.039937 0.999146
1755487235.738975 4.641389 -0.344471 0.069343 0.011855 0.010627 -0.033031 0.999328
1755487235.758191 4.661505 -0.350756 0.067698 0.012357 0.011154 -0.030363 0.999400
1755487235.838500 4.748015 -0.372344 0.062995 0.012577 0.011372 -0.026516 0.999505
1755487235.857799 4.767255 -0.376940 0.064334 0.011905 0.010796 -0.027286 0.999498
1755487235.939471 4.851028 -0.389625 0.075439 0.006861 0.008367 -0.033805 0.999370
1755487235.958695 4.868514 -0.392445 0.079191 0.005802 0.007851 -0.031951 0.999442
1755487236.037956 4.949235 -0.402079 0.091517 0.002681 0.007795 -0.028226 0.999568
1755487236.057255 4.957323 -0.403477 0.092860 0.002369 0.007502 -0.026815 0.999609
1755487236.139617 5.040920 -0.412682 0.103124 -0.000142 0.009936 -0.022417 0.999699
1755487236.159895 5.057069 -0.415614 0.104916 -0.000327 0.010656 -0.020214 0.999739
1755487236.238105 5.126378 -0.421041 0.106688 0.000058 0.015842 -0.017889 0.999714
1755487236.257046 5.141598 -0.421377 0.106338 0.000160 0.016955 -0.016507 0.999720
1755487236.338870 5.212498 -0.426071 0.101453 0.000519 0.022135 -0.018307 0.999587
1755487236.358377 5.227389 -0.426826 0.100254 0.000642 0.022964 -0.018234 0.999570
1755487236.439326 5.310631 -0.430800 0.092578 0.000855 0.025220 -0.023126 0.999414
1755487236.458554 5.315988 -0.431190 0.092266 0.000633 0.025304 -0.023621 0.999400
1755487236.539373 5.377990 -0.426680 0.083996 0.000501 0.023028 -0.030074 0.999282
1755487236.558392 5.390675 -0.425567 0.084037 0.000494 0.021407 -0.029683 0.999330
1755487236.638926 5.455041 -0.422647 0.087116 0.003974 0.014939 -0.024246 0.999586
1755487236.658388 5.461029 -0.422033 0.089042 0.004530 0.014223 -0.023593 0.999610
1755487236.738899 5.518846 -0.418301 0.093353 0.007214 0.007300 -0.027507 0.999569
1755487236.758799 5.530986 -0.418419 0.096429 0.006874 0.006497 -0.028391 0.999552
1755487236.838808 5.587269 -0.416298 0.100242 0.007972 0.004131 -0.035075 0.999344
1755487236.858204 5.599523 -0.416545 0.102654 0.008153 0.004842 -0.036144 0.999302
1755487236.938464 5.661753 -0.418777 0.103463 0.009145 0.006835 -0.043103 0.999005
1755487236.959269 5.674231 -0.420164 0.104521 0.008864 0.007939 -0.043993 0.998961
1755487237.038349 5.733458 -0.423405 0.097998 0.008850 0.010809 -0.050079 0.998648
1755487237.057576 5.746695 -0.426497 0.098566 0.008472 0.011823 -0.049713 0.998658
1755487237.139015 5.805466 -0.435094 0.091782 0.009908 0.013073 -0.050612 0.998584
1755487237.158967 5.819165 -0.438247 0.091177 0.010226 0.013252 -0.048916 0.998663
1755487237.239792 5.871505 -0.451296 0.084319 0.012420 0.011566 -0.046946 0.998753
1755487237.259680 5.876747 -0.454128 0.084570 0.012521 0.011168 -0.045604 0.998819
1755487237.337903 5.928454 -0.468754 0.084886 0.013283 0.006331 -0.043527 0.998944
1755487237.356923 5.943038 -0.470805 0.086312 0.012783 0.005209 -0.041145 0.999058
1755487237.438578 5.997392 -0.477774 0.099607 0.008938 0.002717 -0.041850 0.999080
1755487237.457610 6.006247 -0.479287 0.102869 0.008260 0.003183 -0.040680 0.999133
1755487237.538577 6.058207 -0.483846 0.110051 0.005651 0.002314 -0.035332 0.999357
1755487237.557730 6.072000 -0.485035 0.112573 0.004870 0.002985 -0.033142 0.999434
1755487237.638375 6.127738 -0.491943 0.118745 0.003852 0.005581 -0.029793 0.999533
1755487237.657699 6.143405 -0.494266 0.119925 0.003574 0.006682 -0.028250 0.999572
1755487237.738381 6.198707 -0.501938 0.117608 0.004709 0.009269 -0.026167 0.999604
1755487237.757463 6.212541 -0.504290 0.117094 0.004544 0.010117 -0.025274 0.999619
1755487237.838330 6.268631 -0.508746 0.110194 0.005196 0.011568 -0.024563 0.999618
1755487237.859688 6.281175 -0.510542 0.109905 0.004750 0.012238 -0.023245 0.999644
1755487237.937638 6.334462 -0.507554 0.103276 0.004081 0.012533 -0.025204 0.999595
1755487237.956991 6.342898 -0.507990 0.104571 0.003244 0.012321 -0.024998 0.999606
1755487238.038909 6.394926 -0.501417 0.099865 0.001760 0.007489 -0.026866 0.999609
1755487238.057638 6.403564 -0.500163 0.100230 0.001252 0.006198 -0.025427 0.999657
1755487238.138327 6.454274 -0.494980 0.105715 0.002321 -0.000080 -0.022496 0.999744
1755487238.158162 6.466825 -0.493809 0.107910 0.002305 -0.000853 -0.023819 0.999713
1755487238.239371 6.520969 -0.487864 0.113626 0.000435 -0.002099 -0.032895 0.999457
1755487238.258018 6.533377 -0.487797 0.115278 -0.000000 -0.001626 -0.033688 0.999431
1755487238.338370 6.594469 -0.490965 0.122965 0.001365 0.002158 -0.039853 0.999202
1755487238.357469 6.608772 -0.492808 0.124221 0.001612 0.003483 -0.039975 0.999193
1755487238.437916 6.672029 -0.499885 0.121858 0.003401 0.009108 -0.042708 0.999040
1755487238.457050 6.686970 -0.501805 0.119579 0.003476 0.010405 -0.042231 0.999048
1755487238.536362 6.750944 -0.513240 0.109130 0.006194 0.015577 -0.042468 0.998957
1755487238.555969 6.766039 -0.517550 0.106653 0.007051 0.016708 -0.040920 0.998998
1755487238.639639 6.835817 -0.538435 0.098060 0.012276 0.019049 -0.035801 0.999102
1755487238.658738 6.843521 -0.541076 0.096973 0.012784 0.018976 -0.034211 0.999153
1755487238.737278 6.907323 -0.561380 0.093358 0.017300 0.014748 -0.027550 0.999362
1755487238.756470 6.922480 -0.565745 0.094878 0.017505 0.013976 -0.027435 0.999373
1755487238.837994 6.986780 -0.579457 0.104524 0.016047 0.006908 -0.024946 0.999536
1755487238.857982 7.001588 -0.580455 0.108080 0.014865 0.006060 -0.023121 0.999604
1755487238.938545 7.063476 -0.583895 0.120060 0.010923 0.002784 -0.018329 0.999768
1755487238.957914 7.077875 -0.582356 0.121718 0.009556 0.002643 -0.016555 0.999814
1755487239.038945 7.144105 -0.581741 0.129537 0.003963 0.005082 -0.015597 0.999858
1755487239.058122 7.160503 -0.580003 0.130221 0.002697 0.006648 -0.014114 0.999875
1755487239.138276 7.232999 -0.580415 0.133744 -0.000809 0.011874 -0.013115 0.999843
1755487239.156672 7.248935 -0.580027 0.132479 -0.001552 0.013361 -0.012316 0.999834
1755487239.239058 7.324843 -0.577883 0.124077 -0.003498 0.017737 -0.013759 0.999742
1755487239.258483 7.334457 -0.578049 0.123425 -0.003992 0.018431 -0.013619 0.999729
1755487239.337127 7.407708 -0.574680 0.113882 -0.005312 0.020775 -0.015541 0.999649
1755487239.356761 7.425338 -0.572788 0.112901 -0.005971 0.021180 -0.015607 0.999636
1755487239.439624 7.498636 -0.566865 0.109127 -0.006470 0.016784 -0.016751 0.999698
1755487239.459208 7.512381 -0.566283 0.110118 -0.006837 0.015500 -0.015094 0.999743
1755487239.537715 7.575796 -0.564596 0.118897 -0.003454 0.007702 -0.010752 0.999907
1755487239.556700 7.589963 -0.564655 0.122264 -0.003321 0.006288 -0.010556 0.999919
1755487239.638705 7.656451 -0.563644 0.131551 -0.002387 0.001632 -0.017214 0.999848
1755487239.657753 7.671947 -0.564229 0.134469 -0.002521 0.001597 -0.018459 0.999825
1755487239.737172 7.736796 -0.568766 0.141123 -0.000033 0.002604 -0.026554 0.999644
1755487239.756660 7.754012 -0.571415 0.143427 0.000561 0.003868 -0.027834 0.999605
1755487239.837531 7.821987 -0.580181 0.143799 0.004169 0.007668 -0.030026 0.999511
1755487239.857081 7.840437 -0.582844 0.143155 0.004719 0.008831 -0.029908 0.999502
1755487239.939236 7.906907 -0.591464 0.133652 0.007002 0.011586 -0.030821 0.999433
1755487239.958463 7.922769 -0.593608 0.130248 0.007614 0.012146 -0.029675 0.999457
1755487240.038757 7.986832 -0.606095 0.120377 0.011046 0.011899 -0.023614 0.999589
1755487240.058333 8.003036 -0.609663 0.119212 0.011457 0.011885 -0.021930 0.999623
1755487240.139177 8.063200 -0.622688 0.113982 0.013844 0.006933 -0.011894 0.999809
1755487240.158104 8.077977 -0.624930 0.114356 0.013801 0.005968 -0.010453 0.999832
1755487240.239227 8.136935 -0.629830 0.121543 0.012182 0.000028 -0.008498 0.999890
1755487240.258915 8.153704 -0.630224 0.125920 0.011049 -0.000277 -0.007036 0.999914
1755487240.339285 8.212695 -0.627186 0.139237 0.006140 -0.001586 -0.000703 0.999980
1755487240.358782 8.229110 -0.625421 0.141589 0.005367 -0.001073 0.002620 0.999982
1755487240.437903 8.287039 -0.619139 0.145294 0.002004 0.001032 0.008249 0.999963
1755487240.457859 8.304773 -0.617873 0.146754 0.000957 0.002702 0.009658 0.999949
1755487240.539500 8.367363 -0.610484 0.148029 -0.001268 0.008513 0.013480 0.999872
1755487240.559749 8.383952 -0.608362 0.148275 -0.001926 0.010529 0.014255 0.999841
1755487240.641270 8.447538 -0.599579 0.144333 -0.003975 0.015738 0.012800 0.999786
1755487240.660102 8.463489 -0.596960 0.142705 -0.004911 0.016996 0.012744 0.999762
1755487240.741565 8.525042 -0.586490 0.134181 -0.005911 0.018780 0.009366 0.999762
1755487240.760120 8.538185 -0.583165 0.132600 -0.006487 0.019340 0.008867 0.999753
1755487240.839294 8.596121 -0.569238 0.126014 -0.006708 0.017305 0.005877 0.999810
1755487240.860043 8.610259 -0.564484 0.124931 -0.006825 0.016326 0.007098 0.999818
1755487240.940038 8.666582 -0.552311 0.128337 -0.002287 0.011373 0.015706 0.999809
1755487240.960703 8.680880 -0.549842 0.130903 -0.000876 0.010686 0.018387 0.999773
1755487241.040939 8.736069 -0.541726 0.138384 0.002892 0.007979 0.018136 0.999800
1755487241.060417 8.750310 -0.538689 0.139508 0.002779 0.008215 0.017823 0.999804
1755487241.139962 8.808512 -0.533710 0.144646 0.005586 0.009834 0.013266 0.999848
1755487241.158865 8.825036 -0.532002 0.146245 0.006099 0.011179 0.012910 0.999836
1755487241.239647 8.891023 -0.530825 0.148601 0.007461 0.015826 0.008721 0.999809
1755487241.259339 8.907739 -0.529398 0.149144 0.007090 0.017207 0.008739 0.999789
1755487241.338851 8.975341 -0.529173 0.142155 0.007120 0.020955 0.005788 0.999738
1755487241.358497 8.993562 -0.530991 0.140645 0.007124 0.021790 0.006201 0.999718
1755487241.439190 9.060926 -0.539974 0.133259 0.010224 0.022302 0.009091 0.999658
1755487241.459746 9.077260 -0.543469 0.132139 0.010947 0.022025 0.010377 0.999644
1755487241.540880 9.139511 -0.558057 0.125555 0.014789 0.017339 0.014903 0.999629
1755487241.560872 9.149819 -0.560276 0.125120 0.015268 0.016080 0.016421 0.999619
1755487241.639776 9.210028 -0.574623 0.128333 0.017050 0.007929 0.019640 0.999630
1755487241.658676 9.220872 -0.575741 0.130808 0.017425 0.006387 0.021824 0.999590
1755487241.739570 9.283557 -0.583908 0.142468 0.016143 0.003183 0.026065 0.999525
1755487241.759619 9.299499 -0.583452 0.144341 0.015947 0.002960 0.028256 0.999469
1755487241.840788 9.362452 -0.584067 0.151663 0.012918 0.004630 0.029305 0.999476
1755487241.859464 9.378236 -0.583327 0.153528 0.011956 0.006124 0.029305 0.999480
1755487241.940197 9.448330 -0.582900 0.156141 0.009295 0.011416 0.026549 0.999539
1755487241.959846 9.465999 -0.582744 0.155876 0.008766 0.013447 0.026091 0.999531
1755487242.040268 9.539888 -0.585977 0.150023 0.007727 0.019639 0.020909 0.999559
1755487242.060542 9.558293 -0.586461 0.148249 0.007209 0.021905 0.020207 0.999530
1755487242.139982 9.633163 -0.588871 0.138982 0.006560 0.027001 0.015138 0.999499
1755487242.160513 9.651935 -0.588769 0.137273 0.006093 0.028500 0.014728 0.999467
1755487242.241161 9.724817 -0.587574 0.131477 0.004872 0.030007 0.012946 0.999454
1755487242.259243 9.741607 -0.585952 0.130654 0.004176 0.030015 0.012318 0.999465
1755487242.339913 9.805433 -0.580515 0.130585 0.001062 0.023569 0.008063 0.999689
1755487242.359340 9.821770 -0.578776 0.132984 0.000406 0.021944 0.008787 0.999721
1755487242.440957 9.882293 -0.577440 0.150576 0.000193 0.016370 0.006882 0.999842
1755487242.459296 9.897779 -0.577712 0.153413 0.000667 0.015825 0.005596 0.999859
1755487242.539320 9.955356 -0.580304 0.161096 0.000376 0.013694 -0.003542 0.999900
1755487242.558889 9.970270 -0.581607 0.162749 0.000989 0.014035 -0.004781 0.999890
1755487242.639287 10.032501 -0.595053 0.169350 0.004177 0.016976 -0.010351 0.999794
1755487242.659504 10.040698 -0.595804 0.169368 0.004892 0.017435 -0.010717 0.999779
1755487242.739216 10.106092 -0.613399 0.168742 0.008400 0.021543 -0.014890 0.999622
1755487242.758884 10.122133 -0.617520 0.167013 0.009228 0.022277 -0.015531 0.999589
1755487242.841095 10.187239 -0.639857 0.158332 0.012947 0.024079 -0.017724 0.999469
1755487242.860160 10.202814 -0.645197 0.156211 0.014198 0.023737 -0.016060 0.999488
1755487242.940009 10.263211 -0.670001 0.149632 0.017345 0.021460 -0.014356 0.999516
1755487242.959101 10.277437 -0.674930 0.148158 0.017508 0.019973 -0.013816 0.999552
1755487243.039431 10.333656 -0.695269 0.148856 0.015340 0.012823 -0.018821 0.999623
1755487243.059112 10.348086 -0.698421 0.150312 0.014573 0.010629 -0.019705 0.999643
1755487243.139262 10.410215 -0.710214 0.165726 0.009612 0.006514 -0.022201 0.999686
1755487243.158644 10.414735 -0.710352 0.166649 0.009331 0.006500 -0.022272 0.999687
1755487243.239546 10.476839 -0.716092 0.178317 0.005104 0.005532 -0.020236 0.999767
1755487243.258979 10.485811 -0.716166 0.179417 0.004573 0.005900 -0.020481 0.999762
1755487243.339758 10.550672 -0.719372 0.186944 0.001025 0.008715 -0.022897 0.999699
1755487243.358615 10.567027 -0.719554 0.186864 0.000979 0.009615 -0.022710 0.999695
1755487243.440394 10.635728 -0.726063 0.186751 0.000324 0.012792 -0.023511 0.999642
1755487243.458937 10.651456 -0.726395 0.185265 0.000214 0.013501 -0.024081 0.999619
1755487243.540577 10.722538 -0.727444 0.180105 -0.000940 0.015745 -0.026644 0.999521
1755487243.560307 10.740566 -0.725993 0.178665 -0.001104 0.016047 -0.027260 0.999499
1755487243.639609 10.807604 -0.721915 0.173536 -0.002540 0.015577 -0.029844 0.999430
1755487243.659259 10.818393 -0.720307 0.172267 -0.002554 0.015048 -0.029635 0.999444
1755487243.739954 10.883213 -0.713639 0.169321 -0.002741 0.008219 -0.023875 0.999677
1755487243.759434 10.899128 -0.712178 0.169421 -0.001896 0.006914 -0.020497 0.999764
1755487243.840043 10.962354 -0.708289 0.174861 0.000667 0.002510 -0.017302 0.999847
1755487243.859787 10.977893 -0.706294 0.175762 0.000715 0.002234 -0.017331 0.999847
1755487243.939919 11.039084 -0.704360 0.178902 0.001025 0.002168 -0.017624 0.999842
1755487243.959163 11.054705 -0.704598 0.180323 0.001987 0.003207 -0.016563 0.999856
1755487244.039664 11.119847 -0.711372 0.185354 0.006151 0.008115 -0.013839 0.999852
1755487244.059476 11.128346 -0.712463 0.186124 0.006712 0.009142 -0.012692 0.999855
1755487244.139671 11.196782 -0.721312 0.184382 0.010018 0.015453 -0.006397 0.999810
1755487244.158990 11.213538 -0.722689 0.182636 0.010800 0.017168 -0.004690 0.999783
1755487244.240236 11.286346 -0.733782 0.173821 0.014486 0.022829 0.004768 0.999623
1755487244.260669 11.304699 -0.736540 0.171571 0.015497 0.024244 0.007558 0.999557
1755487244.340742 11.376326 -0.750544 0.163789 0.019068 0.027275 0.017677 0.999290
1755487244.359854 11.393594 -0.753181 0.162251 0.019786 0.027757 0.020168 0.999215
1755487244.440223 11.457873 -0.765477 0.159837 0.021297 0.024299 0.030013 0.999027
1755487244.459831 11.465511 -0.766240 0.160034 0.021155 0.023847 0.030160 0.999037
1755487244.540952 11.526484 -0.769314 0.169396 0.015668 0.017074 0.032490 0.999203
1755487244.561339 11.543334 -0.768186 0.172697 0.013943 0.016500 0.034734 0.999163
1755487244.641920 11.598902 -0.762872 0.181164 0.007440 0.013785 0.043422 0.998934
1755487244.660195 11.605264 -0.761597 0.182356 0.006713 0.013991 0.044296 0.998898
1755487244.739643 11.660247 -0.751800 0.189886 -0.000703 0.015335 0.052642 0.998495
1755487244.759349 11.675852 -0.748965 0.190754 -0.001917 0.016783 0.055105 0.998338
1755487244.840930 11.734952 -0.738598 0.195414 -0.005499 0.020868 0.063259 0.997764
1755487244.860359 11.750194 -0.735688 0.194225 -0.006258 0.022015 0.064521 0.997654
1755487244.940716 11.812442 -0.725546 0.189284 -0.009180 0.024134 0.065989 0.997486
1755487244.960101 11.827565 -0.722274 0.187507 -0.009931 0.024666 0.065442 0.997502
1755487245.040194 11.888976 -0.710037 0.181254 -0.012968 0.025061 0.062525 0.997644
1755487245.059331 11.903696 -0.706733 0.180078 -0.013439 0.024762 0.061709 0.997696
1755487245.139736 11.959298 -0.694507 0.178734 -0.014692 0.019238 0.056322 0.998119
1755487245.159739 11.973029 -0.691333 0.179677 -0.014762 0.017173 0.056283 0.998158
1755487245.240958 12.023069 -0.682435 0.188189 -0.012997 0.008653 0.054077 0.998415
1755487245.261897 12.035913 -0.680548 0.190571 -0.012314 0.007063 0.052382 0.998526
1755487245.340072 12.082833 -0.678687 0.196115 -0.010515 0.002065 0.043973 0.998975
1755487245.360184 12.095766 -0.678486 0.197360 -0.009842 0.001647 0.041497 0.999089
1755487245.440046 12.146571 -0.683255 0.203187 -0.006201 0.002235 0.031579 0.999480
1755487245.459174 12.159553 -0.684492 0.204053 -0.005237 0.002732 0.029433 0.999549
1755487245.540365 12.215218 -0.690600 0.203860 -0.002267 0.004452 0.022813 0.999727
1755487245.559423 12.228664 -0.691951 0.203049 -0.001476 0.004952 0.021710 0.999751
1755487245.640924 12.287939 -0.703015 0.196170 0.002677 0.006442 0.019293 0.999790
1755487245.660617 12.301052 -0.706423 0.194348 0.004126 0.007015 0.019728 0.999772
1755487245.740720 12.362212 -0.722278 0.185072 0.009480 0.007762 0.019852 0.999728
1755487245.760157 12.366561 -0.723352 0.184921 0.009735 0.007780 0.019720 0.999728
1755487245.840367 12.428310 -0.740161 0.177190 0.013775 0.004415 0.020809 0.999679
1755487245.860230 12.435886 -0.742060 0.177191 0.013923 0.003998 0.020767 0.999679
1755487245.940262 12.497823 -0.755253 0.178588 0.014797 -0.001654 0.024782 0.999582
1755487245.959979 12.502947 -0.756083 0.179889 0.014655 -0.001701 0.025409 0.999568
1755487246.040321 12.568699 -0.759169 0.189940 0.010723 -0.001306 0.032435 0.999415
1755487246.060500 12.584143 -0.759164 0.191103 0.010040 -0.000380 0.036831 0.999271
1755487246.140343 12.649713 -0.756227 0.194875 0.006493 0.002652 0.049077 0.998770
1755487246.159722 12.654052 -0.755548 0.195961 0.006204 0.003547 0.049648 0.998741
1755487246.240392 12.724413 -0.749916 0.197745 0.003297 0.010540 0.060684 0.998096
1755487246.261324 12.741949 -0.748652 0.197740 0.002698 0.012823 0.063170 0.997917
1755487246.340365 12.809829 -0.740665 0.196595 0.001773 0.016820 0.073182 0.997175
1755487246.360918 12.813698 -0.739682 0.196983 0.001597 0.017323 0.073834 0.997119
1755487246.441252 12.884171 -0.723596 0.194987 -0.001722 0.019334 0.087535 0.995972
1755487246.460589 12.899255 -0.719586 0.194443 -0.002689 0.019613 0.090186 0.995728
1755487246.540954 12.961083 -0.699646 0.192086 -0.005095 0.016538 0.104030 0.994424
1755487246.560502 12.974662 -0.695024 0.191960 -0.005452 0.015469 0.107792 0.994038
1755487246.641101 13.032501 -0.678113 0.194679 -0.004428 0.009944 0.126638 0.991889
1755487246.660848 13.038924 -0.676435 0.195899 -0.004023 0.009452 0.128222 0.991692
1755487246.741621 13.094593 -0.665102 0.205018 -0.000646 0.005045 0.139512 0.990207
1755487246.760898 13.102967 -0.663654 0.206181 -0.000254 0.004974 0.140208 0.990110
1755487246.840478 13.156402 -0.660486 0.208748 0.003669 0.003940 0.142705 0.989751
1755487246.860721 13.171849 -0.660162 0.209843 0.004923 0.005016 0.143151 0.989676
1755487246.941068 13.233463 -0.662902 0.210799 0.009647 0.008941 0.139492 0.990136
1755487246.959794 13.248528 -0.663436 0.210916 0.010458 0.010369 0.138877 0.990200
1755487247.041103 13.313423 -0.669794 0.205629 0.012737 0.014938 0.130734 0.991223
1755487247.060127 13.329703 -0.670695 0.204177 0.012921 0.016138 0.128887 0.991444
1755487247.141040 13.395103 -0.681721 0.196268 0.014040 0.018484 0.118641 0.992666
1755487247.160828 13.411637 -0.683770 0.195091 0.014167 0.018827 0.116135 0.992954
1755487247.243786 13.473444 -0.700132 0.188320 0.014918 0.015796 0.105108 0.994223
1755487247.260174 13.477228 -0.701062 0.188405 0.014896 0.015396 0.104250 0.994320
1755487247.342803 13.532947 -0.716743 0.189705 0.012330 0.007137 0.086536 0.996147
1755487247.359612 13.544473 -0.718987 0.192175 0.011647 0.005857 0.084017 0.996379
1755487247.439930 13.597330 -0.726811 0.205690 0.006528 0.002745 0.072804 0.997321
1755487247.459530 13.611066 -0.727911 0.208166 0.005873 0.002509 0.072663 0.997336
1755487247.541130 13.666457 -0.733148 0.217414 0.002433 0.002922 0.066470 0.997781
1755487247.560032 13.680936 -0.732943 0.219866 0.001573 0.003845 0.064263 0.997924
1755487247.640691 13.742599 -0.735508 0.225165 -0.000580 0.007446 0.059585 0.998195
1755487247.660021 13.749746 -0.735043 0.225478 -0.000686 0.008185 0.058941 0.998228
1755487247.740682 13.812238 -0.737058 0.220117 -0.001447 0.011854 0.053770 0.998482
1755487247.759598 13.816876 -0.736567 0.219676 -0.001526 0.012090 0.053521 0.998492
1755487247.840406 13.884584 -0.735315 0.212033 -0.002430 0.015077 0.050583 0.998603
1755487247.859881 13.901847 -0.733666 0.210515 -0.002700 0.015641 0.050031 0.998622
1755487247.940996 13.969466 -0.728989 0.206048 -0.003818 0.015204 0.048028 0.998723
1755487247.960065 13.975202 -0.727811 0.205649 -0.003864 0.014767 0.047919 0.998735
1755487248.040717 14.043684 -0.722880 0.206070 -0.003560 0.008985 0.046087 0.998891
1755487248.059823 14.059498 -0.721899 0.207900 -0.002995 0.007879 0.046525 0.998882
1755487248.141303 14.128355 -0.721689 0.214511 -0.000722 0.005526 0.040621 0.999159
1755487248.159861 14.144073 -0.721048 0.215071 -0.000348 0.005406 0.039235 0.999215
1755487248.241722 14.219851 -0.723766 0.215466 0.001020 0.008955 0.026044 0.999620
1755487248.260534 14.237445 -0.725058 0.216813 0.001466 0.010824 0.023615 0.999661
1755487248.340092 14.314143 -0.733640 0.219433 0.004847 0.017607 0.015943 0.999706
1755487248.359882 14.333251 -0.735683 0.219998 0.005508 0.019505 0.014882 0.999684
1755487248.439895 14.408503 -0.748043 0.215337 0.008430 0.024438 0.010104 0.999615
1755487248.459782 14.426913 -0.750549 0.213104 0.008908 0.025289 0.010361 0.999587
1755487248.540486 14.501274 -0.766620 0.201566 0.011860 0.026985 0.009503 0.999520
1755487248.559636 14.506340 -0.767553 0.200716 0.012011 0.027039 0.009688 0.999515
1755487248.641651 14.579096 -0.783724 0.193337 0.014311 0.022723 0.012608 0.999560
1755487248.660115 14.594383 -0.785907 0.193679 0.013616 0.021264 0.012177 0.999607
1755487248.739870 14.659355 -0.793204 0.201981 0.009340 0.012559 0.008542 0.999841
1755487248.759521 14.675453 -0.793681 0.206471 0.007680 0.011281 0.009194 0.999865
1755487248.840499 14.745572 -0.797126 0.217972 0.003105 0.007099 0.013618 0.999877
1755487248.860045 14.760637 -0.798311 0.221094 0.002931 0.007363 0.016933 0.999825
1755487248.941509 14.830051 -0.801124 0.232072 0.002075 0.010038 0.025868 0.999613
1755487248.961624 14.847394 -0.802143 0.235684 0.002193 0.011496 0.028351 0.999530
1755487249.041538 14.917646 -0.806093 0.238258 0.004295 0.015970 0.035514 0.999232
1755487249.061774 14.935128 -0.806305 0.236780 0.004695 0.017061 0.036495 0.999177
1755487249.142852 15.005448 -0.804723 0.226600 0.004601 0.019353 0.033220 0.999250
1755487249.161059 15.015219 -0.803204 0.225115 0.004336 0.019863 0.032301 0.999271
1755487249.240425 15.081452 -0.792926 0.215746 0.001998 0.019843 0.024255 0.999507
1755487249.260410 15.097926 -0.789390 0.213889 0.001288 0.019537 0.022694 0.999551
1755487249.340649 15.159517 -0.777006 0.209151 0.001354 0.013577 0.017484 0.999754
1755487249.360071 15.173913 -0.774679 0.210155 0.001793 0.012301 0.018497 0.999752
1755487249.441007 15.231020 -0.770566 0.219271 0.008428 0.006486 0.018575 0.999771
1755487249.460118 15.244761 -0.769652 0.221685 0.009473 0.006211 0.017056 0.999790
1755487249.541586 15.301376 -0.766142 0.228964 0.011930 0.004409 0.005162 0.999906
1755487249.560391 15.316344 -0.765867 0.230944 0.012846 0.004891 0.003340 0.999900
1755487249.641265 15.376344 -0.770336 0.235695 0.017716 0.008428 -0.008603 0.999771
1755487249.660071 15.388303 -0.770369 0.236643 0.018467 0.009593 -0.010657 0.999727
1755487249.741542 15.447924 -0.774921 0.232112 0.021161 0.013311 -0.020619 0.999475
1755487249.761345 15.462704 -0.776020 0.230872 0.021244 0.014224 -0.022807 0.999413
1755487249.841794 15.521554 -0.783864 0.223145 0.023557 0.016316 -0.029963 0.999140
1755487249.860841 15.534225 -0.785981 0.221884 0.024380 0.016476 -0.029576 0.999129
1755487249.941035 15.591333 -0.799482 0.215727 0.028382 0.014239 -0.026921 0.999133
1755487249.961692 15.603716 -0.801572 0.215118 0.028743 0.013219 -0.026136 0.999158
1755487250.041422 15.653930 -0.811310 0.213843 0.029115 0.004957 -0.026367 0.999216
1755487250.060727 15.664354 -0.812709 0.215240 0.028347 0.002960 -0.027044 0.999228
1755487250.141592 15.713630 -0.815436 0.224652 0.024114 -0.007107 -0.024383 0.999387
1755487250.161367 15.716341 -0.814922 0.226920 0.023679 -0.007071 -0.024421 0.999396
1755487250.241971 15.768780 -0.809547 0.238092 0.014523 -0.010581 -0.023813 0.999555
1755487250.261342 15.782949 -0.807641 0.240975 0.012393 -0.009999 -0.023158 0.999605
1755487250.341010 15.841696 -0.802325 0.249016 0.005321 -0.007692 -0.022884 0.999694
1755487250.360504 15.847738 -0.801219 0.250801 0.004826 -0.007064 -0.022703 0.999706
1755487250.441363 15.913878 -0.800370 0.253867 0.001485 -0.001047 -0.019910 0.999800
1755487250.460581 15.929182 -0.799978 0.254288 0.001065 0.000529 -0.018999 0.999819
1755487250.540860 15.999841 -0.801848 0.249774 0.000170 0.006487 -0.017735 0.999822
1755487250.560195 16.016908 -0.800905 0.248192 -0.000037 0.007944 -0.017766 0.999811
1755487250.640834 16.091514 -0.801830 0.241243 -0.000349 0.013678 -0.018639 0.999733
1755487250.661013 16.111193 -0.801376 0.239238 -0.000394 0.014542 -0.018884 0.999716
1755487250.741754 16.185795 -0.798079 0.230937 -0.000617 0.016197 -0.020768 0.999653
1755487250.762501 16.207570 -0.797013 0.230667 -0.000879 0.015841 -0.020807 0.999658
1755487250.840812 16.279631 -0.793827 0.233986 0.000365 0.013961 -0.017299 0.999753
1755487250.860958 16.298842 -0.793216 0.236243 0.000840 0.013185 -0.018316 0.999745
1755487250.941557 16.369373 -0.791023 0.241992 0.000325 0.013421 -0.024960 0.999598
1755487250.960476 16.386471 -0.789512 0.240932 -0.000132 0.013640 -0.027126 0.999539
1755487251.041301 16.455138 -0.793540 0.244115 0.000480 0.015987 -0.035343 0.999247
1755487251.060816 16.474032 -0.794585 0.244213 0.001004 0.017499 -0.036663 0.999174
1755487251.141218 16.544561 -0.806798 0.243422 0.004102 0.021760 -0.039645 0.998968
1755487251.160822 16.564135 -0.809157 0.241767 0.004323 0.023374 -0.039771 0.998926
1755487251.242109 16.639755 -0.825179 0.234075 0.006784 0.028243 -0.040705 0.998749
1755487251.261348 16.658792 -0.828032 0.231231 0.007088 0.030075 -0.040167 0.998715
1755487251.342105 16.734388 -0.849728 0.221295 0.012188 0.033195 -0.034789 0.998769
1755487251.360532 16.751406 -0.854937 0.220559 0.012700 0.034143 -0.032853 0.998796
1755487251.442100 16.820915 -0.879732 0.217833 0.016362 0.031683 -0.028579 0.998955
1755487251.461678 16.837383 -0.885263 0.218635 0.016290 0.031106 -0.029538 0.998947
1755487251.541431 16.898335 -0.903482 0.231694 0.014614 0.024847 -0.028566 0.999176
1755487251.561123 16.901907 -0.903942 0.233423 0.014151 0.025159 -0.028849 0.999167
1755487251.642262 16.959495 -0.910811 0.247953 0.008614 0.020515 -0.024298 0.999457
1755487251.661280 16.971636 -0.911250 0.251392 0.007071 0.021008 -0.023663 0.999474
1755487251.742819 17.029729 -0.912994 0.262549 0.002742 0.021113 -0.020405 0.999565
1755487251.761666 17.030556 -0.912924 0.264024 0.002532 0.021393 -0.020479 0.999558
1755487251.841808 17.090519 -0.917420 0.267779 0.001850 0.023212 -0.013781 0.999634
1755487251.861036 17.100909 -0.917987 0.267411 0.001445 0.023695 -0.013492 0.999627
1755487251.943107 17.160533 -0.917861 0.261728 -0.000308 0.024127 -0.011919 0.999638
1755487251.961955 17.162020 -0.917527 0.261122 -0.000320 0.024120 -0.011940 0.999638
1755487252.041877 17.220548 -0.911546 0.257846 -0.002867 0.022770 -0.010678 0.999680
1755487252.060818 17.232536 -0.909739 0.257707 -0.003056 0.021676 -0.010394 0.999706
1755487252.141862 17.286888 -0.901935 0.254709 -0.002111 0.013310 -0.008384 0.999874
1755487252.161295 17.296275 -0.900502 0.256173 -0.001413 0.010329 -0.007201 0.999920
1755487252.241749 17.346809 -0.895065 0.262796 0.002721 0.001670 0.001222 0.999994
1755487252.261514 17.357462 -0.894174 0.266217 0.004148 0.000837 -0.000338 0.999991
1755487252.341671 17.414544 -0.889459 0.273012 0.005475 -0.001137 -0.008245 0.999950
1755487252.360872 17.427536 -0.889287 0.274814 0.005732 -0.000950 -0.011356 0.999919
1755487252.441504 17.497420 -0.890198 0.279259 0.006888 0.003964 -0.020001 0.999768
1755487252.461459 17.513347 -0.890890 0.280751 0.007719 0.005373 -0.022054 0.999713
1755487252.543165 17.586463 -0.892707 0.276579 0.009160 0.012493 -0.024398 0.999582
1755487252.561978 17.600751 -0.893441 0.273746 0.009532 0.013743 -0.025197 0.999543
1755487252.643072 17.670692 -0.898849 0.259676 0.010774 0.019744 -0.027668 0.999364
1755487252.660868 17.686344 -0.901678 0.255206 0.011501 0.021039 -0.028417 0.999309
1755487252.743233 17.758864 -0.913794 0.243126 0.015767 0.023278 -0.025338 0.999284
1755487252.761532 17.762325 -0.915581 0.241532 0.016096 0.023507 -0.025380 0.999272
1755487252.844001 17.832130 -0.932205 0.234680 0.020528 0.019489 -0.021652 0.999365
1755487252.863328 17.836313 -0.934779 0.234045 0.020734 0.019223 -0.021908 0.999360
1755487252.942147 17.901324 -0.951050 0.236319 0.022507 0.010757 -0.024918 0.999378
1755487252.961326 17.905061 -0.953411 0.237661 0.022465 0.010833 -0.025152 0.999372
1755487253.041670 17.974385 -0.965479 0.245734 0.021090 0.005851 -0.025268 0.999441
1755487253.060578 17.989092 -0.969141 0.247834 0.019717 0.006747 -0.024547 0.999481
1755487253.141954 18.058252 -0.973041 0.252593 0.017802 0.007490 -0.024219 0.999520
1755487253.161074 18.062887 -0.973680 0.255064 0.017385 0.008644 -0.024576 0.999509
1755487253.242354 18.134341 -0.976051 0.258849 0.015104 0.012706 -0.026863 0.999444
1755487253.261578 18.150941 -0.978218 0.259275 0.013410 0.015235 -0.028003 0.999402
1755487253.341809 18.218715 -0.979073 0.253517 0.012198 0.016246 -0.032409 0.999268
1755487253.360987 18.235201 -0.979790 0.251301 0.010715 0.018041 -0.034382 0.999188
1755487253.441679 18.307094 -0.978693 0.241263 0.009465 0.017839 -0.040456 0.998977
1755487253.460542 18.322818 -0.980480 0.240758 0.007958 0.019173 -0.042698 0.998872
1755487253.541191 18.392236 -0.976365 0.237814 0.007839 0.013024 -0.047333 0.998763
1755487253.560692 18.406709 -0.976076 0.241165 0.006895 0.011525 -0.047766 0.998768
1755487253.642885 18.469411 -0.975148 0.253877 0.009739 0.000736 -0.043355 0.999012
1755487253.662467 18.483566 -0.975826 0.258709 0.009906 -0.000173 -0.045575 0.998912
1755487253.742347 18.542794 -0.978215 0.270164 0.011814 -0.005140 -0.053592 0.998480
1755487253.761423 18.559248 -0.980677 0.273921 0.012147 -0.004643 -0.057097 0.998284
1755487253.841356 18.626253 -0.992034 0.282998 0.016655 -0.002062 -0.064975 0.997746
1755487253.861193 18.642836 -0.995509 0.284330 0.017716 -0.000598 -0.067487 0.997563
1755487253.942401 18.715252 -1.008785 0.282256 0.021115 0.005210 -0.074302 0.996999
1755487253.961902 18.732996 -1.012650 0.280313 0.021623 0.006752 -0.076454 0.996816
1755487254.041744 18.806453 -1.030598 0.269936 0.024234 0.012417 -0.081043 0.996339
1755487254.060809 18.823948 -1.035952 0.267376 0.025254 0.013303 -0.081492 0.996265
1755487254.141497 18.896918 -1.060666 0.257990 0.030261 0.014635 -0.077265 0.996444
1755487254.161377 18.901624 -1.062435 0.257415 0.030607 0.014598 -0.077063 0.996449
1755487254.242435 18.972506 -1.087510 0.253863 0.034625 0.008618 -0.068098 0.997040
1755487254.261504 18.988256 -1.091980 0.255083 0.034530 0.007480 -0.069602 0.996949
1755487254.342000 19.054179 -1.105342 0.267254 0.030784 0.000977 -0.069815 0.997084
1755487254.361037 19.058475 -1.105917 0.268286 0.030578 0.000952 -0.069377 0.997121
1755487254.442858 19.129602 -1.117208 0.278582 0.025973 -0.000402 -0.062523 0.997705
1755487254.461713 19.147075 -1.119530 0.280853 0.025656 0.001038 -0.061051 0.997804
1755487254.542984 19.227916 -1.132229 0.291518 0.023220 0.007825 -0.057616 0.998038
1755487254.561500 19.231624 -1.133237 0.291981 0.023280 0.008341 -0.057429 0.998043
1755487254.642501 19.313288 -1.145260 0.291840 0.021455 0.016454 -0.056099 0.998059
1755487254.661385 19.332591 -1.147111 0.290577 0.020728 0.018059 -0.057016 0.997995
1755487254.742253 19.414292 -1.157415 0.282642 0.016726 0.022191 -0.062540 0.997656
1755487254.761482 19.419003 -1.157959 0.282843 0.016470 0.022389 -0.062905 0.997632
1755487254.841667 19.498323 -1.162967 0.273609 0.011653 0.023325 -0.068044 0.997342
1755487254.860794 19.516750 -1.163625 0.272356 0.010617 0.022729 -0.069061 0.997297
1755487254.941658 19.591880 -1.166214 0.268118 0.006453 0.015574 -0.071062 0.997329
1755487254.960853 19.609340 -1.167538 0.269453 0.005977 0.014011 -0.069640 0.997456
1755487255.042807 19.681641 -1.175628 0.279939 0.007434 0.008290 -0.069276 0.997535
1755487255.061307 19.697422 -1.178070 0.281513 0.007377 0.008098 -0.071279 0.997396
1755487255.142688 19.768076 -1.189454 0.289540 0.007582 0.006658 -0.078465 0.996866
1755487255.162403 19.778405 -1.192256 0.291100 0.008141 0.007436 -0.079236 0.996795
1755487255.242695 19.850742 -1.213380 0.296568 0.013748 0.010590 -0.081241 0.996543
1755487255.260914 19.866550 -1.218154 0.297009 0.014675 0.012015 -0.081318 0.996508
1755487255.342207 19.941084 -1.238146 0.293079 0.017524 0.015491 -0.082924 0.996281
1755487255.361197 19.959014 -1.243329 0.291438 0.018058 0.016816 -0.083124 0.996234
1755487255.442322 20.034194 -1.265414 0.282330 0.021055 0.018603 -0.080661 0.996346
1755487255.461075 20.052798 -1.270535 0.280853 0.021770 0.019107 -0.079361 0.996425
1755487255.542108 20.126994 -1.294638 0.275347 0.024653 0.016572 -0.072340 0.996938
1755487255.561414 20.132536 -1.296175 0.275285 0.024776 0.016448 -0.071785 0.996977
1755487255.643548 20.205734 -1.319511 0.280104 0.025969 0.008240 -0.066365 0.997423
1755487255.662314 20.222580 -1.324935 0.282890 0.025760 0.006652 -0.064269 0.997578
1755487255.743012 20.296415 -1.338670 0.297813 0.021287 0.004609 -0.061877 0.997846
1755487255.761828 20.312945 -1.341969 0.300020 0.020341 0.004823 -0.060342 0.997959
1755487255.843300 20.389513 -1.350710 0.308084 0.015287 0.007116 -0.056927 0.998236
1755487255.861676 20.396856 -1.352214 0.310011 0.015016 0.008335 -0.057253 0.998212
1755487255.942526 20.476455 -1.362977 0.315196 0.011899 0.015334 -0.056898 0.998191
1755487255.961946 20.480637 -1.364741 0.316627 0.011873 0.016157 -0.057134 0.998165
1755487256.042942 20.558487 -1.377069 0.313955 0.010163 0.021405 -0.058085 0.998030
1755487256.062566 20.576948 -1.380209 0.313120 0.009645 0.022745 -0.059219 0.997939
1755487256.142769 20.652745 -1.388782 0.306622 0.006945 0.024127 -0.063545 0.997663
1755487256.161744 20.670170 -1.390325 0.307193 0.006085 0.024605 -0.065079 0.997558
1755487256.242195 20.745733 -1.396052 0.303072 0.003254 0.022530 -0.068364 0.997401
1755487256.261842 20.763674 -1.396525 0.303864 0.002301 0.021027 -0.069608 0.997350
1755487256.343259 20.837443 -1.401689 0.309541 0.000739 0.014100 -0.067175 0.997641
1755487256.365093 20.837266 -1.401670 0.309543 0.000691 0.013977 -0.067078 0.997650
1755487256.442736 20.904874 -1.409619 0.319591 0.002164 0.007782 -0.071680 0.997395
1755487256.461757 20.921123 -1.411430 0.321718 0.001969 0.007409 -0.075138 0.997144
1755487256.543429 20.994246 -1.424957 0.330854 0.002990 0.008104 -0.084478 0.996388
1755487256.563045 21.012469 -1.429193 0.333222 0.003820 0.009201 -0.086611 0.996192
1755487256.643003 21.088188 -1.448929 0.338938 0.007460 0.013503 -0.090291 0.995796
1755487256.661500 21.105507 -1.453313 0.338665 0.008036 0.014484 -0.090422 0.995766
1755487256.741636 21.181511 -1.475632 0.329292 0.010678 0.017844 -0.090167 0.995710
1755487256.761228 21.187040 -1.477294 0.327819 0.010956 0.018151 -0.089944 0.995721
1755487256.842679 21.263812 -1.506215 0.315648 0.015701 0.019881 -0.083267 0.996205
1755487256.861875 21.281788 -1.512994 0.313103 0.016520 0.019988 -0.081639 0.996325
1755487256.942719 21.355381 -1.543982 0.308399 0.019016 0.015354 -0.072752 0.997051
1755487256.962176 21.359411 -1.545643 0.308321 0.019135 0.015183 -0.072260 0.997087
1755487257.042465 21.434403 -1.575409 0.319284 0.020108 0.008493 -0.065877 0.997589
1755487257.064132 21.455523 -1.581526 0.323053 0.019768 0.009528 -0.062300 0.997816
1755487257.142899 21.531188 -1.601263 0.333713 0.016581 0.009083 -0.059311 0.998060
1755487257.164775 21.535880 -1.602418 0.334987 0.016642 0.009675 -0.058783 0.998085
1755487257.242273 21.613276 -1.620785 0.345275 0.014354 0.015473 -0.056353 0.998188
1755487257.261482 21.632635 -1.625163 0.346995 0.014184 0.017819 -0.055079 0.998222
1755487257.342733 21.712479 -1.644808 0.347529 0.014136 0.021779 -0.052423 0.998287
1755487257.361935 21.716732 -1.645963 0.347932 0.014157 0.022349 -0.052337 0.998279
1755487257.443332 21.796027 -1.662887 0.340579 0.012280 0.025945 -0.053710 0.998144
1755487257.462884 21.803365 -1.664225 0.339851 0.012068 0.026495 -0.053807 0.998127
1755487257.543144 21.882385 -1.674909 0.331574 0.007849 0.026223 -0.054568 0.998135
1755487257.561445 21.882760 -1.674552 0.331214 0.007840 0.026212 -0.054658 0.998130
1755487257.642733 21.961499 -1.680462 0.328966 0.001231 0.018743 -0.058295 0.998123
1755487257.661999 21.979507 -1.681147 0.329762 0.000016 0.016304 -0.058443 0.998158
1755487257.742688 22.053654 -1.689276 0.341908 -0.002668 0.006736 -0.059666 0.998192
1755487257.762462 22.071104 -1.691570 0.343969 -0.002808 0.005778 -0.062303 0.998037
1755487257.844835 22.146414 -1.707112 0.352537 -0.003187 0.002208 -0.069132 0.997600
1755487257.862461 22.152292 -1.708325 0.353666 -0.002767 0.002811 -0.069766 0.997556
1755487257.944125 22.232103 -1.732281 0.360718 0.003669 0.005388 -0.069405 0.997567
1755487257.962258 22.235988 -1.732720 0.361351 0.004083 0.005921 -0.069492 0.997557
1755487258.042889 22.317044 -1.755200 0.357533 0.008909 0.009890 -0.064832 0.997807
1755487258.063003 22.337598 -1.760082 0.354738 0.009607 0.011563 -0.065072 0.997767
1755487258.142771 22.419584 -1.782628 0.343494 0.013490 0.013336 -0.059242 0.998063
1755487258.162724 22.441595 -1.788680 0.340011 0.014851 0.014421 -0.057190 0.998149
1755487258.244070 22.525500 -1.813662 0.331504 0.020361 0.011933 -0.040610 0.998896
1755487258.262707 22.544929 -1.819163 0.330694 0.021289 0.011064 -0.036885 0.999031
1755487258.342655 22.625789 -1.838028 0.337770 0.022235 0.004532 -0.030928 0.999264
1755487258.361784 22.645074 -1.841126 0.341126 0.022073 0.003951 -0.031048 0.999266
1755487258.443594 22.728595 -1.851493 0.356531 0.018383 0.001523 -0.024260 0.999535
1755487258.461635 22.746712 -1.852814 0.358210 0.017987 0.002171 -0.022571 0.999581
1755487258.543190 22.831550 -1.858497 0.368659 0.015776 0.004829 -0.014389 0.999760
1755487258.562354 22.835557 -1.858602 0.368594 0.015786 0.005257 -0.014244 0.999760
1755487258.664439 22.944548 -1.868314 0.370938 0.015317 0.013935 -0.012945 0.999702
1755487258.743310 23.029308 -1.872299 0.362927 0.014138 0.017369 -0.012867 0.999666
1755487258.764009 23.052081 -1.872595 0.360990 0.013840 0.019358 -0.014029 0.999618
1755487258.843738 23.138930 -1.872377 0.350780 0.011832 0.020762 -0.014405 0.999611
1755487258.863009 23.147728 -1.872740 0.349093 0.011930 0.021353 -0.014626 0.999594
1755487258.943272 23.231619 -1.868871 0.341593 0.009030 0.016643 -0.014877 0.999710
1755487258.961984 23.236099 -1.867952 0.340799 0.009072 0.016483 -0.014979 0.999711
1755487259.043551 23.319332 -1.865312 0.349458 0.007751 0.007446 -0.010984 0.999882
1755487259.062323 23.327511 -1.864970 0.350561 0.008135 0.007640 -0.011508 0.999872
1755487259.143956 23.409072 -1.866851 0.361987 0.008115 0.004358 -0.018911 0.999779
1755487259.162279 23.428979 -1.868257 0.363022 0.008555 0.005741 -0.021797 0.999709
1755487259.245105 23.514948 -1.880654 0.371803 0.011780 0.008073 -0.025477 0.999573
1755487259.262466 23.522925 -1.881647 0.371566 0.012255 0.009010 -0.025728 0.999553
1755487259.343203 23.609010 -1.896853 0.372712 0.016165 0.014200 -0.023244 0.999498
1755487259.362428 23.630679 -1.900311 0.371168 0.016784 0.016558 -0.023141 0.999454
1755487259.443685 23.716630 -1.916891 0.365788 0.018218 0.019710 -0.019426 0.999451
1755487259.462768 23.737391 -1.921448 0.364425 0.018705 0.021403 -0.018313 0.999428
1755487259.542818 23.818650 -1.941126 0.359741 0.019588 0.021460 -0.010235 0.999525
1755487259.561735 23.823538 -1.944187 0.359285 0.019693 0.021672 -0.009800 0.999523
1755487259.643948 23.899865 -1.962896 0.358462 0.015744 0.013748 -0.004486 0.999771
1755487259.662846 23.916887 -1.966964 0.360700 0.014438 0.013002 -0.006960 0.999787
1755487259.743638 23.987820 -1.978813 0.375430 0.007903 0.005985 -0.006646 0.999929
1755487259.762577 24.005452 -1.980880 0.379064 0.006537 0.005832 -0.006457 0.999941
1755487259.843756 24.075840 -1.988170 0.391781 0.002393 0.002563 0.004691 0.999983
1755487259.863091 24.093591 -1.989419 0.395437 0.001517 0.003603 0.004980 0.999980
1755487259.943655 24.169984 -1.994305 0.408602 -0.001837 0.006911 0.009215 0.999932
1755487259.962840 24.173663 -1.995005 0.409736 -0.001852 0.007371 0.009398 0.999927
1755487260.045130 24.253646 -2.002110 0.412124 -0.001991 0.013656 0.013716 0.999811
1755487260.064649 24.260826 -2.002686 0.412165 -0.001896 0.014352 0.013695 0.999801
1755487260.145472 24.342195 -2.008138 0.405805 -0.001199 0.020499 0.015496 0.999669
1755487260.164278 24.344313 -2.008075 0.405893 -0.001132 0.020685 0.015503 0.999665
1755487260.244604 24.425748 -2.007052 0.398375 -0.001799 0.025064 0.016831 0.999543
1755487260.264043 24.444300 -2.005436 0.397077 -0.002278 0.024980 0.016995 0.999541
1755487260.344990 24.521632 -1.993932 0.390951 -0.004826 0.020801 0.018200 0.999606
1755487260.365532 24.523513 -1.993413 0.390433 -0.004837 0.020507 0.018355 0.999609
1755487260.443856 24.597777 -1.980153 0.390849 -0.004608 0.012245 0.027173 0.999545
1755487260.463334 24.615941 -1.977032 0.391967 -0.004087 0.011239 0.026374 0.999581
1755487260.543427 24.694000 -1.964443 0.391010 -0.003906 0.009188 0.027367 0.999576
1755487260.563117 24.698074 -1.963499 0.391962 -0.003889 0.009396 0.027263 0.999577
1755487260.642999 24.782634 -1.955405 0.395301 -0.000566 0.013586 0.025709 0.999577
1755487260.662419 24.803272 -1.954003 0.396758 0.000329 0.015433 0.025212 0.999563
1755487260.743576 24.890740 -1.947588 0.391093 0.003856 0.018115 0.030712 0.999357
1755487260.762989 24.895148 -1.947171 0.391854 0.003829 0.018376 0.030898 0.999346
1755487260.843400 24.982953 -1.942799 0.377903 0.008117 0.019708 0.037822 0.999057
1755487260.862928 25.004163 -1.942021 0.374416 0.009145 0.020433 0.039047 0.998987
1755487260.943949 25.094589 -1.939389 0.362102 0.013228 0.018711 0.047296 0.998618
1755487260.962519 25.098188 -1.939359 0.362238 0.013297 0.018692 0.047514 0.998607
1755487261.043250 25.191250 -1.933729 0.362047 0.016713 0.015281 0.048290 0.998577
1755487261.063853 25.215656 -1.930981 0.364675 0.016850 0.015039 0.052121 0.998385
1755487261.144197 25.307769 -1.915145 0.374095 0.013832 0.016604 0.054025 0.998306
1755487261.163783 25.311303 -1.914493 0.374832 0.013547 0.016690 0.054360 0.998290
1755487261.244600 25.402133 -1.894398 0.382725 0.009264 0.022392 0.057872 0.998030
1755487261.263454 25.410073 -1.892897 0.383918 0.009102 0.023432 0.058046 0.997997
1755487261.342984 25.500377 -1.877149 0.384838 0.008756 0.029982 0.062224 0.997573
1755487261.363111 25.506401 -1.875716 0.385034 0.008840 0.030525 0.062315 0.997550
1755487261.444597 25.600289 -1.858245 0.377118 0.008458 0.035941 0.060935 0.997459
1755487261.462858 25.608428 -1.856637 0.376933 0.008361 0.036567 0.060551 0.997460
1755487261.544727 25.700940 -1.833117 0.364558 0.005636 0.037497 0.056704 0.997671
1755487261.563406 25.703702 -1.831721 0.364972 0.005639 0.037563 0.056617 0.997673
1755487261.643852 25.792869 -1.808263 0.362237 0.007150 0.031612 0.064747 0.997375
1755487261.663284 25.793368 -1.808049 0.362269 0.007190 0.031637 0.064806 0.997370
1755487261.743939 25.882261 -1.786273 0.373252 0.009548 0.024561 0.060067 0.997846
1755487261.762948 25.902798 -1.781217 0.375619 0.009112 0.024433 0.057035 0.998032
1755487261.843671 25.990317 -1.764088 0.384564 0.007294 0.022359 0.041796 0.998849
1755487261.862972 25.999195 -1.762688 0.386016 0.007342 0.022873 0.040554 0.998889
1755487261.943094 26.091045 -1.754617 0.389231 0.007264 0.026350 0.025632 0.999298
1755487261.964511 26.097520 -1.753580 0.390033 0.007348 0.026854 0.024984 0.999300
1755487262.043261 26.190120 -1.753154 0.383228 0.008826 0.031656 0.016560 0.999323
1755487262.063040 26.214979 -1.753941 0.380877 0.009272 0.033378 0.016155 0.999269
1755487262.144453 26.310323 -1.763492 0.370351 0.011409 0.033485 0.011892 0.999303
1755487262.163213 26.313565 -1.764103 0.370753 0.011505 0.033565 0.011885 0.999300
1755487262.244061 26.400101 -1.779313 0.366067 0.013842 0.024549 0.018684 0.999428
1755487262.263070 26.419887 -1.781598 0.367894 0.014379 0.023050 0.019231 0.999446
1755487262.343920 26.506082 -1.792629 0.379009 0.013976 0.018045 0.020548 0.999528
1755487262.362410 26.510517 -1.792700 0.380267 0.014120 0.017973 0.020903 0.999520
1755487262.443337 26.594723 -1.799601 0.391043 0.014077 0.015813 0.032468 0.999249
1755487262.462275 26.615299 -1.800459 0.394887 0.014124 0.017090 0.034265 0.999167
1755487262.544032 26.704780 -1.807082 0.403445 0.014397 0.019659 0.038627 0.998957
1755487262.562917 26.725335 -1.807720 0.403915 0.014705 0.021091 0.039806 0.998877
1755487262.643726 26.811553 -1.812201 0.398272 0.014703 0.022706 0.039064 0.998870
1755487262.663478 26.825945 -1.811252 0.397729 0.014227 0.023643 0.037598 0.998912
1755487262.743605 26.907536 -1.807324 0.386259 0.010125 0.023245 0.030595 0.999210
1755487262.762549 26.926341 -1.805159 0.384490 0.009081 0.023610 0.029227 0.999253
1755487262.843637 27.015072 -1.795776 0.376171 0.004910 0.018053 0.024304 0.999530
1755487262.862918 27.022971 -1.794530 0.376590 0.004517 0.017350 0.023976 0.999552
1755487262.946048 27.104315 -1.783110 0.382112 0.001637 0.006571 0.026133 0.999636
1755487262.964282 27.105969 -1.782559 0.383547 0.001634 0.006555 0.025908 0.999642
1755487263.044608 27.185523 -1.774717 0.393006 -0.000253 0.000986 0.013624 0.999907
1755487263.063323 27.192374 -1.773855 0.394755 -0.000191 0.001215 0.012449 0.999922
1755487263.144763 27.275734 -1.774702 0.404513 0.002819 0.003245 0.005091 0.999978
1755487263.163073 27.294716 -1.775745 0.406661 0.004153 0.005205 0.002906 0.999974
1755487263.243951 27.379957 -1.780757 0.406203 0.008285 0.008528 0.002345 0.999927
1755487263.263342 27.400152 -1.781661 0.405164 0.009078 0.010244 0.001028 0.999906
1755487263.345718 27.489335 -1.788025 0.393292 0.011758 0.013543 -0.000622 0.999839
1755487263.365278 27.491761 -1.788150 0.394394 0.011886 0.013732 -0.000623 0.999835
1755487263.445117 27.578894 -1.798040 0.383819 0.015974 0.016183 -0.000022 0.999741
1755487263.465209 27.586037 -1.799398 0.384139 0.016312 0.016412 0.000162 0.999732
1755487263.543285 27.670380 -1.809013 0.383937 0.019622 0.013377 0.000817 0.999718
1755487263.563752 27.676163 -1.809676 0.385224 0.019852 0.013373 0.000732 0.999713
1755487263.643698 27.760140 -1.813496 0.396794 0.018488 0.010621 0.001310 0.999772
1755487263.663908 27.781972 -1.813170 0.399244 0.017699 0.011471 -0.000208 0.999778
1755487263.744689 27.863457 -1.808178 0.404363 0.012088 0.010971 0.001666 0.999865
1755487263.762962 27.867441 -1.808142 0.406519 0.011881 0.011392 0.001614 0.999863
1755487263.845420 27.951232 -1.802970 0.410953 0.007651 0.015429 0.000504 0.999852
1755487263.865937 27.959536 -1.802428 0.412816 0.007573 0.016202 0.000493 0.999840
1755487263.944705 28.037659 -1.796974 0.408552 0.004519 0.016834 -0.000112 0.999848
1755487263.963568 28.042630 -1.796542 0.410171 0.004354 0.017036 -0.000417 0.999845
1755487264.043994 28.121905 -1.786589 0.401883 -0.000056 0.014964 -0.004588 0.999877
1755487264.063254 28.126580 -1.786738 0.403137 -0.000163 0.014952 -0.004810 0.999877
1755487264.143916 28.205580 -1.774892 0.395590 -0.001394 0.006033 -0.000828 0.999980
1755487264.163376 28.213764 -1.774759 0.396333 -0.001381 0.005577 -0.000714 0.999983
1755487264.244432 28.294041 -1.764514 0.403604 0.000506 -0.003937 0.010180 0.999940
1755487264.263408 28.302538 -1.763486 0.405660 0.000685 -0.004055 0.009395 0.999947
1755487264.344055 28.382912 -1.753158 0.415606 -0.001295 -0.007522 -0.002851 0.999967
1755487264.362873 28.386175 -1.751884 0.417736 -0.001270 -0.007184 -0.003544 0.999967
1755487264.444266 28.473452 -1.749613 0.426477 -0.000642 -0.001813 -0.014860 0.999888
1755487264.463276 28.481460 -1.750000 0.428162 -0.000247 -0.000320 -0.015684 0.999877
1755487264.545350 28.572355 -1.756873 0.425994 0.003072 0.006457 -0.020196 0.999770
1755487264.563818 28.585281 -1.758650 0.425025 0.003647 0.008462 -0.020375 0.999750
1755487264.644409 28.676010 -1.773623 0.413393 0.007191 0.014312 -0.022188 0.999626
1755487264.662791 28.683180 -1.775582 0.412864 0.007728 0.015070 -0.021693 0.999621
1755487264.763945 28.794271 -1.798332 0.402710 0.011932 0.018162 -0.013425 0.999674
1755487264.844161 28.874742 -1.820259 0.402763 0.012263 0.012423 -0.014589 0.999741
1755487264.863142 28.893572 -1.824562 0.405451 0.011679 0.011358 -0.014584 0.999761
1755487264.943898 28.972134 -1.839829 0.417469 0.008698 0.009241 -0.013429 0.999829
1755487264.963517 28.976137 -1.841236 0.418958 0.008705 0.009479 -0.012832 0.999835
1755487265.043761 29.056799 -1.852843 0.429425 0.006096 0.012034 -0.004521 0.999899
1755487265.063251 29.077146 -1.855381 0.431929 0.005640 0.014203 -0.003823 0.999876
1755487265.144263 29.162378 -1.866184 0.434808 0.004607 0.019337 -0.001860 0.999801
1755487265.164822 29.167537 -1.866583 0.435741 0.004649 0.019880 -0.001792 0.999790
1755487265.244076 29.252071 -1.875555 0.429402 0.003734 0.024919 -0.004097 0.999674
1755487265.263381 29.272996 -1.877028 0.427626 0.003345 0.026305 -0.005407 0.999634
1755487265.344779 29.358381 -1.880511 0.418692 0.001384 0.027226 -0.010055 0.999578
1755487265.363803 29.377361 -1.880639 0.417112 0.000874 0.027381 -0.011712 0.999556
1755487265.445064 29.456347 -1.879122 0.410454 -0.000615 0.020701 -0.015542 0.999665
1755487265.463919 29.463032 -1.878276 0.410843 -0.000668 0.020093 -0.015808 0.999673
1755487265.544433 29.538165 -1.876334 0.416759 -0.000316 0.011616 -0.014076 0.999833
1755487265.562811 29.551029 -1.875585 0.418195 0.000115 0.011609 -0.016358 0.999799
1755487265.645284 29.627137 -1.878001 0.424904 0.000265 0.008797 -0.024868 0.999652
1755487265.663651 29.644115 -1.880009 0.427458 0.001046 0.010018 -0.026303 0.999603
1755487265.744783 29.721354 -1.891622 0.435580 0.005716 0.012156 -0.029977 0.999460
1755487265.764797 29.740280 -1.895476 0.437282 0.006969 0.014070 -0.029905 0.999429
1755487265.844542 29.819339 -1.907893 0.434514 0.010201 0.016345 -0.026972 0.999451
1755487265.863801 29.837297 -1.911339 0.433577 0.010898 0.017768 -0.025851 0.999448
1755487265.944982 29.918153 -1.927805 0.422896 0.014651 0.020911 -0.019147 0.999491
1755487265.964361 29.918094 -1.928308 0.425070 0.014724 0.021100 -0.019028 0.999488
1755487266.044233 30.001428 -1.948351 0.413829 0.019021 0.024911 -0.006851 0.999485
1755487266.063515 30.021852 -1.953689 0.412165 0.019265 0.025597 -0.004752 0.999475
1755487266.145096 30.105500 -1.971078 0.410483 0.016981 0.024146 -0.006736 0.999542
1755487266.163331 30.105962 -1.970861 0.411119 0.016966 0.024192 -0.006807 0.999540
1755487266.244390 30.185187 -1.986383 0.420856 0.011648 0.019798 -0.006240 0.999717
1755487266.263209 30.203344 -1.989520 0.423330 0.010981 0.020165 -0.006080 0.999718
1755487266.344517 30.279731 -2.003639 0.433425 0.008419 0.018976 -0.004842 0.999773
1755487266.363576 30.283018 -2.004650 0.435756 0.008314 0.019294 -0.004819 0.999768
1755487266.443943 30.360749 -2.017868 0.446377 0.007648 0.023161 -0.002040 0.999700
1755487266.463187 30.379742 -2.020996 0.448130 0.007712 0.025037 -0.001703 0.999655
1755487266.544255 30.458987 -2.031863 0.446990 0.006904 0.027608 -0.002849 0.999591
1755487266.563860 30.478588 -2.033708 0.445909 0.006537 0.029302 -0.003911 0.999542
1755487266.644637 30.559433 -2.039981 0.436876 0.004506 0.031107 -0.008422 0.999470
1755487266.664383 30.579387 -2.040961 0.435289 0.003952 0.032546 -0.009262 0.999420
1755487266.744327 30.659633 -2.043136 0.428579 0.002493 0.030421 -0.008828 0.999495
1755487266.763184 30.662596 -2.042859 0.429687 0.002439 0.030411 -0.008860 0.999495
1755487266.845229 30.740802 -2.043321 0.432265 0.000779 0.021237 -0.004497 0.999764
1755487266.866245 30.747426 -2.043328 0.434291 0.000831 0.021104 -0.004463 0.999767
1755487266.946324 30.821833 -2.045423 0.444500 0.001075 0.014657 -0.006013 0.999874
1755487266.964732 30.823507 -2.045438 0.446109 0.001031 0.014739 -0.006219 0.999872
1755487267.044712 30.898605 -2.052026 0.453986 0.001914 0.014776 -0.011867 0.999819
1755487267.064237 30.906459 -2.053196 0.455628 0.002287 0.015686 -0.012095 0.999801
1755487267.146909 30.988988 -2.065765 0.459951 0.005608 0.019689 -0.011856 0.999720
1755487267.165442 30.990119 -2.066200 0.461129 0.005671 0.019870 -0.011780 0.999717
1755487267.244408 31.069656 -2.080349 0.458382 0.008157 0.024146 -0.009624 0.999629
1755487267.263513 31.077838 -2.082433 0.458148 0.008425 0.024748 -0.008859 0.999619
1755487267.344372 31.159940 -2.101487 0.452358 0.010436 0.026656 -0.002766 0.999586
1755487267.364048 31.180016 -2.107151 0.451090 0.010776 0.027053 -0.000634 0.999576
1755487267.444534 31.258188 -2.127153 0.447329 0.010413 0.022754 0.007397 0.999660
1755487267.466170 31.265759 -2.128972 0.447302 0.010180 0.022266 0.007823 0.999670
1755487267.547147 31.340112 -2.145342 0.453772 0.005631 0.013308 0.009478 0.999851
1755487267.564356 31.342472 -2.146064 0.454769 0.005582 0.013290 0.009725 0.999849
1755487267.646115 31.415967 -2.155525 0.464607 -0.002222 0.006984 0.013937 0.999876
1755487267.664381 31.421777 -2.156842 0.466288 -0.002386 0.007289 0.014602 0.999864
1755487267.745540 31.499903 -2.165364 0.477491 -0.005168 0.008748 0.022243 0.999701
1755487267.764796 31.519345 -2.167987 0.479809 -0.005351 0.010350 0.023721 0.999651
1755487267.846067 31.601271 -2.175421 0.481816 -0.005274 0.013223 0.030414 0.999436
1755487267.864383 31.619567 -2.177496 0.481470 -0.005135 0.014736 0.030394 0.999416
1755487267.945791 31.702858 -2.183259 0.474357 -0.004762 0.016801 0.031078 0.999364
1755487267.964505 31.721353 -2.184051 0.472990 -0.004638 0.018026 0.030059 0.999375
1755487268.044410 31.803040 -2.183765 0.463191 -0.005141 0.017883 0.025856 0.999492
1755487268.064241 31.822310 -2.183164 0.462086 -0.005152 0.018187 0.024112 0.999531
1755487268.145538 31.900421 -2.178329 0.453660 -0.005712 0.011817 0.018460 0.999743
1755487268.164237 31.916218 -2.177273 0.453565 -0.005534 0.009568 0.017131 0.999792
1755487268.245323 31.989910 -2.175719 0.459221 -0.002331 0.001933 0.022210 0.999749
1755487268.265076 32.007277 -2.175695 0.462550 -0.001094 0.001094 0.019782 0.999803
1755487268.344387 32.078628 -2.176854 0.468285 0.001069 -0.001713 0.010080 0.999947
1755487268.363891 32.078080 -2.176677 0.469634 0.001017 -0.001625 0.010017 0.999948
1755487268.444689 32.156429 -2.182654 0.476042 0.007597 0.003031 0.004403 0.999957
1755487268.464232 32.175310 -2.184418 0.477562 0.009327 0.005421 0.004989 0.999929
1755487268.545151 32.255555 -2.190005 0.474686 0.012971 0.011819 0.004026 0.999838
1755487268.564069 32.255595 -2.190112 0.475962 0.012956 0.011911 0.004040 0.999837
1755487268.645760 32.338290 -2.194482 0.468661 0.015158 0.020509 0.006107 0.999656
1755487268.664554 32.344825 -2.194648 0.468846 0.015415 0.021332 0.006581 0.999632
1755487268.746180 32.427651 -2.197662 0.460439 0.015606 0.027016 0.011975 0.999441
1755487268.765044 32.428240 -2.198211 0.461505 0.015671 0.027137 0.012087 0.999436
1755487268.846155 32.507085 -2.200377 0.456036 0.014114 0.025404 0.020646 0.999364
1755487268.865003 32.525152 -2.201264 0.456229 0.014047 0.024204 0.023325 0.999336
1755487268.945025 32.598354 -2.203207 0.463936 0.013047 0.017007 0.027662 0.999387
1755487268.964468 32.601972 -2.203530 0.465474 0.012981 0.017017 0.028014 0.999378
1755487269.044793 32.675143 -2.199694 0.475479 0.009231 0.013427 0.038486 0.999126
1755487269.064018 32.693140 -2.198531 0.477828 0.008504 0.014008 0.040627 0.999040
1755487269.145191 32.770611 -2.191293 0.485410 0.004895 0.016169 0.045072 0.998841
1755487269.164929 32.773752 -2.191051 0.486545 0.004761 0.016489 0.045161 0.998832
1755487269.244852 32.851327 -2.183718 0.488732 0.001517 0.020894 0.045709 0.998735
1755487269.264307 32.858642 -2.183014 0.489010 0.001361 0.021550 0.045275 0.998741
1755487269.345845 32.937609 -2.175207 0.483931 -0.001513 0.023824 0.040458 0.998896
1755487269.365512 32.940184 -2.174793 0.483954 -0.001551 0.023949 0.040247 0.998902
1755487269.445671 33.018627 -2.165165 0.476448 -0.003749 0.024181 0.034445 0.999107
1755487269.466054 33.026063 -2.164157 0.475482 -0.003800 0.024097 0.034022 0.999123
1755487269.544856 33.100715 -2.151648 0.470624 -0.004871 0.017931 0.030982 0.999347
1755487269.565561 33.103809 -2.151003 0.469867 -0.004843 0.017503 0.030866 0.999359
1755487269.645083 33.176090 -2.138425 0.476256 -0.004565 0.006499 0.032254 0.999448
1755487269.664953 33.183420 -2.137233 0.477423 -0.004155 0.006267 0.031711 0.999469
1755487269.745786 33.257555 -2.128663 0.483192 -0.002664 0.000198 0.023853 0.999712
1755487269.765424 33.260312 -2.128707 0.485069 -0.002613 0.000405 0.023563 0.999719
1755487269.845230 33.339637 -2.124820 0.489635 -0.000748 0.002572 0.014053 0.999898
1755487269.865136 33.347317 -2.125007 0.490595 -0.000456 0.003468 0.013704 0.999900
1755487269.944923 33.432401 -2.124038 0.489153 0.001965 0.008731 0.011739 0.999891
1755487269.964236 33.437423 -2.124808 0.489907 0.002166 0.009299 0.011896 0.999884
1755487270.045887 33.526868 -2.127811 0.481246 0.004080 0.015999 0.014201 0.999763
1755487270.064605 33.548953 -2.129334 0.478796 0.004882 0.017866 0.016128 0.999698
1755487270.146094 33.643440 -2.139212 0.467170 0.007664 0.022388 0.020024 0.999519
1755487270.164815 33.646481 -2.139573 0.466730 0.007780 0.022499 0.020173 0.999513
1755487270.264986 33.763954 -2.150533 0.460665 0.010467 0.023623 0.030380 0.999204
1755487270.344671 33.854796 -2.162706 0.467613 0.011046 0.020821 0.030743 0.999249
1755487270.363998 33.876542 -2.164392 0.471045 0.010546 0.020233 0.032244 0.999220
1755487270.445645 33.966284 -2.170353 0.480240 0.008357 0.020022 0.036058 0.999114
1755487270.464438 33.973920 -2.170999 0.481513 0.008342 0.020395 0.037106 0.999068
1755487270.545328 34.066139 -2.173303 0.487916 0.006828 0.025341 0.042468 0.998753
1755487270.564284 34.087701 -2.173781 0.489583 0.006617 0.027566 0.043582 0.998648
1755487270.645944 34.181782 -2.174634 0.488802 0.006307 0.033790 0.046053 0.998347
1755487270.664280 34.202254 -2.174669 0.487727 0.006186 0.035639 0.046128 0.998280
1755487270.745553 34.294117 -2.172474 0.478067 0.004933 0.038393 0.042440 0.998349
1755487270.764209 34.313707 -2.171242 0.475332 0.004616 0.039262 0.041190 0.998369
1755487270.846132 34.400697 -2.163428 0.464444 0.002328 0.038083 0.034674 0.998670
1755487270.864685 34.417834 -2.161302 0.463177 0.001894 0.037717 0.033599 0.998722
1755487270.945659 34.497775 -2.150982 0.461116 0.001161 0.029296 0.032182 0.999052
1755487270.965229 34.496313 -2.151239 0.460170 0.001209 0.029227 0.032265 0.999051
1755487271.045420 34.577361 -2.143640 0.469429 0.003795 0.021386 0.033549 0.999201
1755487271.064367 34.583514 -2.142975 0.471028 0.003772 0.021445 0.032798 0.999225
1755487271.145544 34.664779 -2.139402 0.478623 0.003847 0.019576 0.017934 0.999640
1755487271.165746 34.666986 -2.139577 0.480467 0.003938 0.019885 0.017595 0.999640
1755487271.246089 34.753084 -2.144125 0.485027 0.007900 0.024244 0.008079 0.999642
1755487271.264240 34.753495 -2.144202 0.486379 0.007922 0.024391 0.008043 0.999639
1755487271.345556 34.843345 -2.153698 0.483731 0.011572 0.029837 0.002028 0.999486
1755487271.364663 34.847606 -2.154918 0.484444 0.011787 0.030314 0.002050 0.999469
1755487271.445636 34.936801 -2.170969 0.476925 0.015364 0.032502 -0.001999 0.999352
1755487271.465038 34.958567 -2.175150 0.474774 0.015687 0.032435 -0.001126 0.999350
1755487271.546258 35.041187 -2.192583 0.469522 0.015917 0.025970 0.000652 0.999536
1755487271.565703 35.060888 -2.195795 0.470497 0.014600 0.024343 -0.001866 0.999595
1755487271.646308 35.140951 -2.206897 0.480920 0.010535 0.018679 -0.006634 0.999748
1755487271.665155 35.159625 -2.209363 0.483403 0.009941 0.018149 -0.005829 0.999769
1755487271.745853 35.239486 -2.216991 0.491788 0.007580 0.014279 -0.000897 0.999869
1755487271.764601 35.258030 -2.217784 0.494881 0.006602 0.014644 -0.000465 0.999871
1755487271.846250 35.338474 -2.220818 0.507869 0.003511 0.015249 0.000346 0.999877
1755487271.864690 35.344575 -2.221282 0.508466 0.003333 0.015419 0.000583 0.999875
1755487271.945556 35.424822 -2.222136 0.509061 0.001458 0.015934 -0.001346 0.999871
1755487271.964840 35.444044 -2.222885 0.507572 0.000920 0.016612 -0.002592 0.999858
1755487272.046096 35.529929 -2.222142 0.496972 -0.000921 0.016955 -0.012961 0.999772
1755487272.065258 35.536512 -2.222510 0.496042 -0.001067 0.017115 -0.013667 0.999760
1755487272.145110 35.622138 -2.217690 0.485538 -0.002685 0.013865 -0.020505 0.999690
1755487272.164279 35.642316 -2.216239 0.484142 -0.002945 0.012422 -0.021076 0.999696
1755487272.245447 35.727549 -2.206642 0.490717 -0.002418 0.005561 -0.016613 0.999844
1755487272.264859 35.748317 -2.205154 0.494598 -0.002179 0.004984 -0.019127 0.999802
1755487272.345625 35.832735 -2.197732 0.504592 -0.002397 0.003441 -0.029835 0.999546
1755487272.365141 35.836265 -2.197926 0.505906 -0.002361 0.003680 -0.030254 0.999533
1755487272.445422 35.925267 -2.198589 0.512161 0.001399 0.008813 -0.036893 0.999279
1755487272.464805 35.933434 -2.199361 0.512900 0.001809 0.009819 -0.037230 0.999257
1755487272.546272 36.028432 -2.204226 0.509701 0.007297 0.017406 -0.035922 0.999176
1755487272.565288 36.050571 -2.205944 0.507867 0.008063 0.019621 -0.034627 0.999175
1755487272.645756 36.146565 -2.213076 0.495754 0.012367 0.025223 -0.030723 0.999133
1755487272.664569 36.168424 -2.215148 0.492537 0.013090 0.026391 -0.029124 0.999142
1755487272.745826 36.262779 -2.223969 0.479633 0.016567 0.027418 -0.023591 0.999208
1755487272.764407 36.283733 -2.226109 0.477174 0.016934 0.027433 -0.021087 0.999258
1755487272.845588 36.373836 -2.231910 0.476739 0.018972 0.021191 -0.014956 0.999484
1755487272.865285 36.396012 -2.232352 0.479816 0.018143 0.020695 -0.015843 0.999496
1755487272.945254 36.485441 -2.228521 0.491326 0.013770 0.018522 -0.015441 0.999614
1755487272.964971 36.505468 -2.226642 0.492848 0.012207 0.018021 -0.014404 0.999659
1755487273.046238 36.589866 -2.220233 0.501928 0.007779 0.018174 -0.010067 0.999754
1755487273.065106 36.609378 -2.219193 0.504617 0.006808 0.019660 -0.009987 0.999734
1755487273.145808 36.693924 -2.215523 0.512012 0.004515 0.022521 -0.008703 0.999698
1755487273.165006 36.713334 -2.214873 0.512359 0.003928 0.024000 -0.007844 0.999673
1755487273.245553 36.797065 -2.211577 0.508215 0.002424 0.024948 -0.008860 0.999647
1755487273.264900 36.816285 -2.210846 0.505532 0.001940 0.025758 -0.009681 0.999619
1755487273.345910 36.900875 -2.204696 0.494129 0.000401 0.024249 -0.013927 0.999609
1755487273.365175 36.920834 -2.203246 0.491741 -0.000071 0.024338 -0.014548 0.999598
1755487273.446290 37.005522 -2.194769 0.484916 -0.000706 0.016622 -0.016819 0.999720
1755487273.464760 37.011242 -2.194583 0.485612 -0.000682 0.016161 -0.016361 0.999735
1755487273.546877 37.094395 -2.187008 0.494976 0.000468 0.008765 -0.014170 0.999861
1755487273.565187 37.112820 -2.186075 0.497003 0.000723 0.008567 -0.016158 0.999832
1755487273.665823 37.216779 -2.185262 0.507568 0.000467 0.011296 -0.030077 0.999484
1755487273.746000 37.302691 -2.192186 0.515270 0.003897 0.016658 -0.036447 0.999189
1755487273.765611 37.322820 -2.194431 0.516061 0.004595 0.019309 -0.037088 0.999115
1755487273.845887 37.409056 -2.202575 0.510842 0.007052 0.025276 -0.037591 0.998949
1755487273.865301 37.415641 -2.203629 0.511174 0.007229 0.026309 -0.037559 0.998922
1755487273.947822 37.504818 -2.216856 0.500105 0.010992 0.032177 -0.035763 0.998782
1755487273.967188 37.505603 -2.217688 0.500874 0.011037 0.032341 -0.035750 0.998776
1755487274.048361 37.590693 -2.234835 0.490596 0.015836 0.032020 -0.028875 0.998945
1755487274.068708 37.595192 -2.236515 0.490162 0.016037 0.031755 -0.028051 0.998973
1755487274.146785 37.669492 -2.252310 0.491094 0.018153 0.021836 -0.025009 0.999284
1755487274.164976 37.685638 -2.255767 0.493234 0.017883 0.020272 -0.022257 0.999387
1755487274.246340 37.759644 -2.265501 0.504077 0.016203 0.013763 -0.016880 0.999631
1755487274.266414 37.777044 -2.267405 0.507125 0.015396 0.013000 -0.013688 0.999703
1755487274.346709 37.849401 -2.271818 0.520256 0.013944 0.010722 -0.006605 0.999823
1755487274.365321 37.851679 -2.272742 0.522232 0.013910 0.011029 -0.006505 0.999821
1755487274.445963 37.925543 -2.275159 0.529555 0.011638 0.011400 -0.003835 0.999860
1755487274.464700 37.942352 -2.275903 0.530158 0.010863 0.012516 -0.004735 0.999851
1755487274.547164 38.022705 -2.275447 0.527409 0.008220 0.012700 -0.010747 0.999828
1755487274.566582 38.024319 -2.275489 0.528914 0.008114 0.012923 -0.011045 0.999823
1755487274.647296 38.104091 -2.272648 0.521929 0.005126 0.012454 -0.018830 0.999732
1755487274.665894 38.109291 -2.272242 0.522097 0.004941 0.012581 -0.019533 0.999718
1755487274.746545 38.190484 -2.267318 0.515505 0.004349 0.007377 -0.024307 0.999668
1755487274.765325 38.192832 -2.267018 0.515512 0.004268 0.007129 -0.024581 0.999663
1755487274.847069 38.275068 -2.260964 0.519218 0.005580 -0.000710 -0.022517 0.999731
1755487274.866134 38.280690 -2.260231 0.520458 0.005736 -0.000642 -0.023387 0.999710
1755487274.947601 38.365494 -2.256620 0.526843 0.006830 -0.001456 -0.035779 0.999335
1755487274.964885 38.383288 -2.256782 0.528619 0.006748 -0.000089 -0.038873 0.999221
1755487275.048215 38.476016 -2.258775 0.535194 0.008270 0.004876 -0.049789 0.998714
1755487275.065423 38.480819 -2.259318 0.536493 0.008363 0.005543 -0.050362 0.998681
1755487275.148824 38.573407 -2.264038 0.535497 0.009027 0.011960 -0.057406 0.998238
1755487275.165527 38.573289 -2.264246 0.536456 0.008995 0.012111 -0.057492 0.998232
1755487275.246879 38.662840 -2.272343 0.528060 0.010290 0.016601 -0.058781 0.998080
1755487275.267408 38.668947 -2.273625 0.527905 0.010514 0.016986 -0.058599 0.998082
1755487275.365521 38.774426 -2.291634 0.520098 0.014017 0.016757 -0.056704 0.998152
1755487275.446031 38.857200 -2.309891 0.516621 0.017539 0.009841 -0.051360 0.998478
1755487275.465506 38.875852 -2.314456 0.518987 0.018087 0.007965 -0.050426 0.998532
1755487275.546648 38.961195 -2.328093 0.532032 0.019821 0.001020 -0.041753 0.998931
1755487275.565640 38.960838 -2.329729 0.531508 0.019791 0.000985 -0.041502 0.998942
1755487275.646321 39.045306 -2.336450 0.542731 0.017910 -0.002758 -0.030766 0.999362
1755487275.666147 39.052290 -2.336905 0.544555 0.017800 -0.002197 -0.030239 0.999382
1755487275.747263 39.141140 -2.341404 0.553813 0.015104 0.001170 -0.026221 0.999541
1755487275.765901 39.140769 -2.342280 0.554980 0.015155 0.001309 -0.026078 0.999544
1755487275.846819 39.230540 -2.346660 0.554230 0.014386 0.004170 -0.023559 0.999610
1755487275.866156 39.236767 -2.346980 0.554091 0.014132 0.004493 -0.023857 0.999605
1755487275.946624 39.326951 -2.348757 0.546798 0.011882 0.007050 -0.030358 0.999444
1755487275.965761 39.348019 -2.348893 0.545346 0.011017 0.007362 -0.031707 0.999409
1755487276.046845 39.437074 -2.347053 0.535149 0.009891 0.006596 -0.036795 0.999252
1755487276.067704 39.442397 -2.347001 0.534593 0.009721 0.006237 -0.037175 0.999242
1755487276.146766 39.527495 -2.345258 0.530707 0.010590 0.000211 -0.037629 0.999236
1755487276.165743 39.547507 -2.345353 0.531766 0.010874 -0.000690 -0.037269 0.999246
1755487276.246702 39.632955 -2.345778 0.534454 0.011578 -0.001478 -0.048040 0.998777
1755487276.266068 39.653215 -2.346717 0.536081 0.011673 -0.000552 -0.050926 0.998634
1755487276.347115 39.740431 -2.357277 0.543976 0.015270 0.003915 -0.060041 0.998071
1755487276.366663 39.761153 -2.360799 0.546642 0.016505 0.005976 -0.061609 0.997946
1755487276.447140 39.847271 -2.375807 0.549244 0.020969 0.011395 -0.066092 0.997528
1755487276.467181 39.847129 -2.375559 0.551287 0.021084 0.011598 -0.066099 0.997523
1755487276.547249 39.932538 -2.391433 0.544561 0.024129 0.016351 -0.068799 0.997205
1755487276.565646 39.951343 -2.395128 0.542770 0.024661 0.017389 -0.068483 0.997196
1755487276.646851 40.034571 -2.413162 0.531331 0.027065 0.018083 -0.069533 0.997049
1755487276.664975 40.052194 -2.417571 0.529647 0.027495 0.018329 -0.069572 0.997029
1755487276.747444 40.134077 -2.438783 0.524012 0.030814 0.013996 -0.061351 0.997542
1755487276.765779 40.134642 -2.439597 0.524474 0.030891 0.013878 -0.060884 0.997570
1755487276.846281 40.213085 -2.456774 0.532325 0.032447 0.007591 -0.050162 0.998185
1755487276.865458 40.230663 -2.459567 0.535646 0.031904 0.007655 -0.047721 0.998322
1755487276.946502 40.304933 -2.466465 0.543487 0.027285 0.003943 -0.039339 0.998846
1755487276.965859 40.322495 -2.467724 0.545662 0.026515 0.004636 -0.035851 0.998995
1755487277.047054 40.401020 -2.471597 0.556101 0.023609 0.008237 -0.029211 0.999260
1755487277.066016 40.406631 -2.471794 0.557879 0.023447 0.009042 -0.028817 0.999269
1755487277.146358 40.486310 -2.473347 0.560575 0.019981 0.014383 -0.025387 0.999375
1755487277.165474 40.498471 -2.473497 0.560497 0.019475 0.015870 -0.025829 0.999351
1755487277.247004 40.577544 -2.472336 0.553122 0.015491 0.019055 -0.029954 0.999250
1755487277.265910 40.583841 -2.472177 0.552989 0.015206 0.019576 -0.030211 0.999236
1755487277.347131 40.659626 -2.467842 0.543630 0.011671 0.019797 -0.033124 0.999187
1755487277.365757 40.676965 -2.466461 0.542531 0.010511 0.019452 -0.033632 0.999190
1755487277.446737 40.748718 -2.457154 0.541211 0.006958 0.012170 -0.033932 0.999326
1755487277.468259 40.753115 -2.456543 0.542521 0.006691 0.011912 -0.033485 0.999346
1755487277.547571 40.823468 -2.449813 0.554870 0.005167 0.007714 -0.036854 0.999278
1755487277.565829 40.824988 -2.449697 0.556678 0.005181 0.007913 -0.037029 0.999269
1755487277.646782 40.898279 -2.447376 0.565687 0.003707 0.009602 -0.044746 0.998945
1755487277.666455 40.904053 -2.447466 0.567307 0.003828 0.010391 -0.045288 0.998913
1755487277.746782 40.982224 -2.453336 0.572254 0.005629 0.016964 -0.051922 0.998491
1755487277.765609 41.001419 -2.455092 0.571957 0.005843 0.019171 -0.052442 0.998423
1755487277.847715 41.082901 -2.466747 0.564854 0.007854 0.024783 -0.054029 0.998201
1755487277.866394 41.089363 -2.468300 0.564415 0.008049 0.025431 -0.053756 0.998198
1755487277.947129 41.169671 -2.486626 0.551520 0.012744 0.028784 -0.051249 0.998190
1755487277.966587 41.170940 -2.487890 0.551228 0.012834 0.028854 -0.051075 0.998195
1755487278.047060 41.246215 -2.510130 0.540616 0.016860 0.025337 -0.048759 0.998347
1755487278.065469 41.262733 -2.515522 0.539443 0.017479 0.023680 -0.046150 0.998501
1755487278.146583 41.336960 -2.538630 0.543612 0.019258 0.015603 -0.043346 0.998753
1755487278.165470 41.354847 -2.543272 0.547131 0.019398 0.014669 -0.040345 0.998890
1755487278.247099 41.432696 -2.558442 0.560578 0.018573 0.013898 -0.033883 0.999157
1755487278.266235 41.438271 -2.559813 0.561061 0.018181 0.013888 -0.032906 0.999197
1755487278.347956 41.516854 -2.566519 0.571454 0.013274 0.015291 -0.028049 0.999401
1755487278.366376 41.534972 -2.567873 0.573652 0.012427 0.016872 -0.028339 0.999379
1755487278.446672 41.615360 -2.573311 0.578754 0.008624 0.019803 -0.030889 0.999289
1755487278.466517 41.635095 -2.575021 0.578297 0.007915 0.021433 -0.032171 0.999221
1755487278.546287 41.718125 -2.578460 0.571989 0.004151 0.023485 -0.039619 0.998930
1755487278.565863 41.739024 -2.579245 0.569454 0.003098 0.024920 -0.042514 0.998780
1755487278.647525 41.831819 -2.579735 0.560018 0.000105 0.026237 -0.049223 0.998443
1755487278.666465 41.852739 -2.580091 0.558496 -0.000500 0.026698 -0.050202 0.998382
1755487278.747528 41.939126 -2.577495 0.557347 -0.002539 0.020265 -0.050555 0.998512
1755487278.766151 41.956557 -2.577451 0.559280 -0.003041 0.019710 -0.049866 0.998557
1755487278.847097 42.043732 -2.578696 0.571933 -0.001262 0.017256 -0.052027 0.998496
1755487278.866592 42.051867 -2.578792 0.573033 -0.001289 0.017454 -0.052592 0.998463
1755487278.947748 42.138203 -2.585117 0.581956 0.000391 0.019793 -0.059948 0.998005
1755487278.967072 42.159930 -2.587783 0.584488 0.001201 0.021550 -0.059749 0.997980
1755487279.047403 42.248599 -2.599657 0.590564 0.005374 0.027908 -0.061240 0.997718
1755487279.066373 42.269810 -2.602620 0.590444 0.005799 0.029744 -0.060557 0.997705
1755487279.147901 42.359292 -2.615161 0.582470 0.008130 0.035663 -0.059800 0.997540
1755487279.167026 42.379634 -2.618697 0.579634 0.008481 0.037412 -0.059176 0.997510
1755487279.248184 42.468607 -2.635374 0.567200 0.012260 0.040897 -0.053109 0.997676
1755487279.267043 42.488551 -2.639597 0.564465 0.012871 0.041476 -0.051312 0.997738
1755487279.347819 42.571575 -2.657660 0.554858 0.016820 0.038255 -0.041301 0.998272
1755487279.367171 42.590296 -2.661864 0.553872 0.017299 0.036237 -0.038187 0.998463
1755487279.446705 42.665475 -2.675878 0.558372 0.017589 0.027706 -0.037118 0.998772
1755487279.467791 42.685742 -2.678534 0.561195 0.017170 0.026806 -0.034058 0.998913
1755487279.547241 42.760727 -2.684210 0.570728 0.015606 0.023750 -0.026617 0.999242
1755487279.566419 42.779461 -2.684984 0.573907 0.015088 0.024449 -0.024975 0.999275
1755487279.647643 42.862090 -2.686437 0.585529 0.013008 0.028446 -0.023275 0.999240
1755487279.666705 42.881910 -2.686782 0.587508 0.012571 0.030246 -0.023229 0.999193
1755487279.748595 42.966769 -2.688099 0.588152 0.011056 0.034773 -0.025158 0.999017
1755487279.768208 42.986039 -2.688190 0.587022 0.010540 0.036343 -0.026470 0.998933
1755487279.848113 43.063778 -2.686627 0.578911 0.008265 0.038388 -0.034514 0.998632
1755487279.867023 43.081961 -2.685694 0.577013 0.007599 0.039229 -0.036304 0.998542
1755487279.948257 43.157718 -2.679459 0.569179 0.005060 0.037285 -0.043512 0.998344
1755487279.968129 43.175224 -2.677641 0.567764 0.004681 0.036695 -0.044666 0.998317
1755487280.048502 43.240020 -2.669299 0.563561 0.004050 0.025232 -0.046096 0.998610
1755487280.067857 43.255225 -2.667520 0.564663 0.004403 0.023204 -0.043821 0.998760
1755487280.149302 43.318644 -2.662990 0.573216 0.007961 0.013921 -0.038403 0.999134
1755487280.169108 43.333906 -2.662011 0.575076 0.008515 0.012956 -0.039597 0.999095
1755487280.247617 43.397014 -2.660693 0.581645 0.009793 0.009965 -0.044871 0.998895
1755487280.267231 43.413197 -2.661504 0.584452 0.010496 0.010700 -0.045734 0.998841
1755487280.347899 43.484713 -2.665617 0.592571 0.012925 0.012743 -0.051623 0.998502
1755487280.367327 43.501433 -2.666403 0.593632 0.013137 0.014075 -0.052316 0.998445
1755487280.447590 43.570229 -2.668834 0.590530 0.012544 0.016091 -0.055734 0.998237
1755487280.466590 43.586232 -2.669860 0.589116 0.012535 0.017063 -0.056002 0.998206
1755487280.547658 43.655852 -2.677955 0.579823 0.014240 0.018251 -0.053761 0.998285
1755487280.566839 43.672001 -2.680832 0.577976 0.015051 0.018933 -0.053035 0.998300
1755487280.648122 43.743119 -2.695231 0.569707 0.018481 0.017211 -0.048272 0.998515
1755487280.667755 43.759409 -2.699062 0.568332 0.019374 0.016633 -0.046525 0.998591
1755487280.748590 43.822627 -2.713706 0.564289 0.021943 0.007088 -0.038605 0.998988
1755487280.767255 43.836751 -2.716550 0.565388 0.022319 0.005019 -0.038666 0.998990
1755487280.848654 43.900170 -2.723529 0.579556 0.020417 -0.004452 -0.034440 0.999188
1755487280.869053 43.915918 -2.723211 0.584063 0.018980 -0.004929 -0.035110 0.999191
1755487280.948919 43.978232 -2.718635 0.595931 0.012622 -0.008994 -0.032553 0.999350
1755487280.967980 43.993647 -2.717169 0.599579 0.011265 -0.008098 -0.032714 0.999368
1755487281.049128 44.063606 -2.713980 0.609963 0.006128 -0.005707 -0.035033 0.999351
1755487281.069630 44.081512 -2.713920 0.611890 0.005573 -0.004064 -0.035151 0.999358
1755487281.148581 44.150592 -2.714567 0.611214 0.003863 -0.000713 -0.036983 0.999308
1755487281.169396 44.169689 -2.714919 0.609957 0.003403 0.000763 -0.038391 0.999257
1755487281.249026 44.239818 -2.716952 0.600337 0.002426 0.002823 -0.043500 0.999046
1755487281.267076 44.256326 -2.717507 0.598275 0.002487 0.003796 -0.043930 0.999024
1755487281.348397 44.330728 -2.718507 0.589024 0.003105 0.004022 -0.047265 0.998869
1755487281.367849 44.348022 -2.718254 0.587440 0.003199 0.003988 -0.048127 0.998828
1755487281.449672 44.418407 -2.716057 0.587705 0.003703 -0.001992 -0.046838 0.998894
1755487281.467768 44.433802 -2.716049 0.590022 0.004289 -0.002128 -0.045611 0.998948
1755487281.549112 44.503319 -2.716852 0.599856 0.006871 -0.003923 -0.049628 0.998736
1755487281.567877 44.520116 -2.717224 0.601364 0.006977 -0.003208 -0.051626 0.998637
1755487281.647913 44.589831 -2.722801 0.606598 0.009209 -0.000235 -0.058401 0.998251
1755487281.667200 44.607656 -2.725394 0.608170 0.010404 0.001779 -0.059270 0.998186
1755487281.748007 44.681991 -2.737165 0.609251 0.014917 0.007667 -0.062888 0.997880
1755487281.767302 44.700128 -2.739741 0.608462 0.015682 0.009576 -0.062648 0.997867
1755487281.848083 44.773540 -2.749721 0.600290 0.017538 0.014458 -0.061794 0.997830
1755487281.867694 44.792577 -2.752485 0.598128 0.018047 0.016060 -0.060791 0.997858
1755487281.948943 44.867232 -2.763422 0.587813 0.019961 0.018831 -0.054770 0.998122
1755487281.968069 44.886603 -2.766408 0.585749 0.020109 0.019713 -0.053493 0.998171
1755487282.049606 44.961671 -2.777600 0.579069 0.020090 0.018423 -0.048938 0.998430
1755487282.067195 44.977710 -2.780095 0.578414 0.019921 0.017687 -0.047313 0.998525
1755487282.147984 45.049799 -2.788625 0.583328 0.017961 0.010868 -0.046772 0.998685
1755487282.166848 45.066237 -2.789888 0.586470 0.017226 0.009381 -0.046245 0.998738
1755487282.267500 45.152042 -2.792532 0.600026 0.011163 0.005136 -0.039379 0.999149
1755487282.347636 45.224472 -2.791405 0.608074 0.008219 0.005801 -0.033613 0.999384
1755487282.366685 45.241507 -2.791616 0.610277 0.007752 0.007151 -0.032877 0.999404
1755487282.449023 45.320340 -2.793389 0.615254 0.006089 0.010488 -0.030901 0.999449
1755487282.468269 45.339485 -2.793842 0.615139 0.005827 0.011908 -0.031390 0.999419
1755487282.548948 45.418253 -2.796417 0.610779 0.004478 0.014604 -0.035260 0.999261
1755487282.568143 45.437307 -2.796967 0.609006 0.004233 0.015750 -0.036929 0.999185
1755487282.648665 45.516915 -2.798241 0.599609 0.003437 0.016826 -0.043571 0.998903
1755487282.668422 45.536171 -2.798269 0.597178 0.003397 0.017342 -0.045071 0.998827
1755487282.749084 45.612170 -2.797722 0.589120 0.003446 0.012126 -0.049311 0.998704
1755487282.768087 45.611621 -2.798946 0.590020 0.003578 0.012256 -0.049138 0.998710
1755487282.848848 45.685203 -2.798691 0.594480 0.006820 0.006557 -0.046378 0.998879
1755487282.867255 45.690120 -2.798560 0.595596 0.007191 0.006874 -0.046951 0.998848
1755487282.948507 45.764124 -2.800144 0.602270 0.007200 0.005863 -0.056896 0.998337
1755487282.967257 45.781706 -2.801342 0.604320 0.007764 0.007198 -0.058505 0.998231
1755487283.048301 45.859091 -2.810018 0.613877 0.010330 0.010577 -0.064781 0.997790
1755487283.067296 45.865166 -2.810729 0.614964 0.010613 0.011358 -0.065195 0.997751
1755487283.149317 45.944863 -2.820598 0.616420 0.011769 0.015948 -0.069726 0.997369
1755487283.168073 45.962762 -2.823280 0.615507 0.012038 0.017395 -0.070316 0.997300
1755487283.248686 46.042034 -2.836282 0.609184 0.013980 0.020352 -0.067998 0.997380
1755487283.268078 46.059791 -2.839646 0.607264 0.014495 0.021153 -0.067166 0.997412
1755487283.348438 46.135279 -2.853813 0.599552 0.014941 0.020219 -0.064501 0.997601
1755487283.369792 46.154511 -2.857375 0.598216 0.014310 0.019261 -0.063157 0.997715
1755487283.449315 46.221358 -2.868911 0.599432 0.012479 0.012736 -0.059365 0.998077
1755487283.468533 46.237336 -2.871545 0.601727 0.011733 0.011160 -0.056735 0.998258
1755487283.548664 46.300486 -2.878236 0.614117 0.008918 0.005918 -0.049622 0.998711
1755487283.567309 46.300225 -2.877939 0.614971 0.008985 0.006013 -0.049438 0.998719
1755487283.648375 46.364765 -2.878785 0.628068 0.004017 0.004106 -0.040983 0.999143
1755487283.667217 46.379622 -2.879021 0.631032 0.003445 0.004889 -0.039140 0.999216
1755487283.747405 46.449818 -2.880347 0.637958 0.001698 0.007108 -0.032160 0.999456
1755487283.766073 46.466016 -2.880593 0.638491 0.001557 0.008274 -0.031263 0.999476
1755487283.847159 46.539043 -2.881293 0.634527 0.000064 0.011042 -0.029888 0.999492
1755487283.865905 46.555417 -2.880983 0.633105 -0.000283 0.012136 -0.030596 0.999458
1755487283.947550 46.630368 -2.879446 0.623448 -0.001558 0.012587 -0.032435 0.999393
1755487283.967043 46.648077 -2.878786 0.621659 -0.001658 0.012968 -0.033220 0.999363
1755487284.048188 46.722402 -2.875308 0.611800 -0.002269 0.009424 -0.037317 0.999256
1755487284.067296 46.739074 -2.874670 0.610718 -0.002242 0.008975 -0.037309 0.999261
1755487284.148607 46.809161 -2.874539 0.613343 0.000563 0.005719 -0.036200 0.999328
1755487284.167772 46.825374 -2.874799 0.615634 0.001420 0.006612 -0.039085 0.999213
1755487284.246033 46.891069 -2.877039 0.620624 0.001968 0.008703 -0.050404 0.998689
1755487284.266999 46.908492 -2.878193 0.623030 0.002417 0.010568 -0.052431 0.998566
1755487284.349802 46.980214 -2.886489 0.630852 0.003438 0.017589 -0.065497 0.997692
1755487284.368551 46.995851 -2.888357 0.632356 0.003735 0.019847 -0.067787 0.997495
1755487284.448278 47.063135 -2.898289 0.632042 0.004719 0.026165 -0.073143 0.996967
1755487284.467482 47.078712 -2.901099 0.631553 0.005172 0.027946 -0.073151 0.996916
1755487284.548774 47.142188 -2.914138 0.625509 0.006752 0.031445 -0.074508 0.996702
1755487284.567854 47.156443 -2.917234 0.624170 0.007024 0.032332 -0.074840 0.996647
1755487284.648283 47.216416 -2.933017 0.619336 0.008420 0.031656 -0.072929 0.996799
1755487284.667463 47.230792 -2.937766 0.619890 0.009273 0.031754 -0.071604 0.996884
1755487284.748043 47.290726 -2.955417 0.635384 0.010678 0.030527 -0.073302 0.996785
1755487284.768145 47.306123 -2.959006 0.644251 0.010156 0.030452 -0.074804 0.996681
1755487284.848152 47.365564 -2.969928 0.693116 0.007410 0.031255 -0.077943 0.996440
1755487284.868433 47.380317 -2.972578 0.705940 0.006793 0.032709 -0.076533 0.996507
1755487284.948648 47.432262 -2.982364 0.747234 0.008171 0.035864 -0.069446 0.996907
1755487284.968572 47.445133 -2.984964 0.756433 0.008817 0.036629 -0.066972 0.997043
1755487285.047632 47.491417 -2.993460 0.790474 0.011951 0.040375 -0.058877 0.997377
1755487285.068190 47.503507 -2.995349 0.798622 0.013044 0.041969 -0.055601 0.997485
1755487285.149265 47.547566 -2.998594 0.825173 0.015358 0.044620 -0.045731 0.997839
1755487285.169188 47.548220 -2.997652 0.826122 0.015423 0.044794 -0.045968 0.997819
1755487285.248160 47.588490 -2.995151 0.844545 0.014477 0.045464 -0.045835 0.997809
1755487285.266792 47.597255 -2.993720 0.847955 0.014072 0.045581 -0.046534 0.997777
1755487285.349782 47.636580 -2.987986 0.861397 0.013050 0.041594 -0.050425 0.997776
1755487285.368602 47.645345 -2.986787 0.865618 0.012731 0.040504 -0.049880 0.997852
1755487285.450373 47.689137 -2.985307 0.893539 0.018618 0.041233 -0.041901 0.998097
1755487285.469428 47.699107 -2.985606 0.900899 0.019993 0.041956 -0.043165 0.997986
1755487285.547682 47.737745 -2.984343 0.929707 0.021189 0.045005 -0.053031 0.997353
1755487285.567125 47.746830 -2.983383 0.936864 0.020476 0.045354 -0.055868 0.997197
1755487285.649139 47.781900 -2.980673 0.970202 0.017013 0.046798 -0.070777 0.996249
1755487285.668486 47.790227 -2.980958 0.978947 0.016293 0.047398 -0.074230 0.995981
1755487285.749871 47.822258 -2.982394 1.012282 0.013962 0.047509 -0.084258 0.995213
1755487285.768867 47.829785 -2.983068 1.018563 0.013309 0.047472 -0.085773 0.995094
1755487285.850208 47.861482 -2.988456 1.035575 0.011939 0.046121 -0.088269 0.994957
1755487285.867916 47.867937 -2.990298 1.036878 0.011609 0.045996 -0.088449 0.994950
1755487285.948695 47.902831 -2.999936 1.041935 0.010646 0.043653 -0.086233 0.995261
1755487285.967674 47.912072 -3.002722 1.044720 0.010358 0.043902 -0.085192 0.995343
1755487286.047124 47.955887 -3.011320 1.072143 0.006579 0.044376 -0.085506 0.995327
1755487286.066253 47.966717 -3.012796 1.081837 0.004694 0.045462 -0.087205 0.995141
1755487286.148492 48.009415 -3.019770 1.123417 0.001832 0.047979 -0.077951 0.995800
1755487286.167751 48.019018 -3.022492 1.131263 0.002342 0.049003 -0.075758 0.995919
1755487286.249421 48.056927 -3.034986 1.162954 0.005511 0.051092 -0.064414 0.996599
1755487286.268065 48.065048 -3.037437 1.169703 0.006128 0.051877 -0.062094 0.996702
1755487286.348412 48.102097 -3.045912 1.195597 0.008050 0.053523 -0.053268 0.997112
1755487286.368153 48.111683 -3.047621 1.200310 0.008278 0.054159 -0.051833 0.997152
1755487286.449967 48.151085 -3.053753 1.213185 0.008606 0.054816 -0.049849 0.997214
1755487286.470391 48.160356 -3.055113 1.214797 0.008500 0.055110 -0.049732 0.997205
1755487286.548241 48.201595 -3.060672 1.219283 0.008710 0.055483 -0.051391 0.997098
1755487286.567966 48.211812 -3.062103 1.221059 0.008978 0.055921 -0.051517 0.997065
1755487286.649236 48.255941 -3.066236 1.234009 0.010407 0.053834 -0.052366 0.997122
1755487286.668614 48.266109 -3.067316 1.239539 0.010881 0.052971 -0.051323 0.997217
1755487286.748021 48.308124 -3.072323 1.273381 0.016849 0.051883 -0.048078 0.997353
1755487286.768192 48.317254 -3.073155 1.283130 0.017589 0.052172 -0.050866 0.997187
1755487286.847461 48.355163 -3.073279 1.317057 0.017399 0.051776 -0.058751 0.996777
1755487286.867424 48.357937 -3.073113 1.319854 0.017111 0.051867 -0.059714 0.996720
1755487286.947145 48.396755 -3.073702 1.353206 0.014660 0.052603 -0.071248 0.995963
1755487286.967313 48.398598 -3.073809 1.355384 0.014682 0.052914 -0.071619 0.995919
1755487287.050003 48.438555 -3.077403 1.383179 0.013337 0.052734 -0.078004 0.995468
1755487287.069513 48.447294 -3.078173 1.387120 0.012977 0.052782 -0.077743 0.995491
1755487287.149865 48.486005 -3.083780 1.397983 0.011831 0.051062 -0.076559 0.995686
1755487287.169080 48.496440 -3.085496 1.399745 0.011200 0.050982 -0.076762 0.995682
1755487287.249338 48.539122 -3.092738 1.406387 0.008276 0.049588 -0.076559 0.995797
1755487287.269205 48.550785 -3.095472 1.409939 0.007402 0.049175 -0.075936 0.995872
1755487287.350175 48.597730 -3.105880 1.440368 0.004885 0.048757 -0.075082 0.995973
1755487287.368449 48.608953 -3.108830 1.450385 0.004324 0.049097 -0.072942 0.996118
1755487287.448848 48.648421 -3.118372 1.487236 0.004940 0.048799 -0.060858 0.996941
1755487287.469214 48.657548 -3.121142 1.495740 0.005413 0.047840 -0.057190 0.997202
1755487287.550801 48.693168 -3.132705 1.528421 0.009364 0.046841 -0.044514 0.997866
1755487287.569540 48.700335 -3.135233 1.535093 0.010373 0.047092 -0.041412 0.997978
1755487287.649664 48.734936 -3.146223 1.561536 0.016347 0.047223 -0.025889 0.998415
1755487287.668525 48.742445 -3.148030 1.565923 0.017260 0.047350 -0.023342 0.998456
1755487287.749631 48.777086 -3.154511 1.575693 0.019206 0.046764 -0.020164 0.998518
1755487287.768605 48.784898 -3.155555 1.577097 0.019409 0.047121 -0.020329 0.998494
1755487287.849825 48.823234 -3.159025 1.579369 0.020106 0.047256 -0.022440 0.998428
1755487287.868841 48.831779 -3.159223 1.580549 0.020392 0.047508 -0.022809 0.998402
1755487287.948927 48.873401 -3.158673 1.592066 0.021358 0.046414 -0.023931 0.998407
1755487287.968193 48.883737 -3.158353 1.597643 0.022177 0.047302 -0.023308 0.998362
1755487288.049296 48.928804 -3.158576 1.630983 0.026093 0.049240 -0.027084 0.998079
1755487288.068771 48.939443 -3.157974 1.639920 0.026755 0.051071 -0.030277 0.997877
1755487288.149356 48.978177 -3.152827 1.671521 0.024034 0.054371 -0.042407 0.997330
1755487288.167811 48.986260 -3.150790 1.677888 0.022668 0.054738 -0.045376 0.997212
1755487288.249636 49.022581 -3.148189 1.705911 0.018706 0.056839 -0.060369 0.996381
1755487288.268777 49.025983 -3.148654 1.707892 0.018684 0.057417 -0.061211 0.996297
1755487288.348402 49.063223 -3.150228 1.727672 0.016472 0.060020 -0.071447 0.995501
1755487288.367605 49.064117 -3.150561 1.729238 0.016563 0.060362 -0.071315 0.995488
1755487288.449643 49.104797 -3.154601 1.739591 0.014323 0.061931 -0.072118 0.995368
1755487288.468528 49.110797 -3.155383 1.740762 0.013719 0.062355 -0.071874 0.995368
1755487288.549989 49.152057 -3.162559 1.751949 0.011718 0.060659 -0.067977 0.995772
1755487288.568474 49.160845 -3.164005 1.757138 0.011058 0.060474 -0.067575 0.995818
1755487288.648409 49.202959 -3.170084 1.792789 0.007900 0.061383 -0.063842 0.996039
1755487288.666879 49.211073 -3.171120 1.802270 0.007313 0.061787 -0.059675 0.996277
1755487288.748602 49.240260 -3.175671 1.837440 0.007054 0.060104 -0.047089 0.997056
1755487288.767876 49.245637 -3.176732 1.844775 0.006942 0.059199 -0.043142 0.997289
1755487288.849469 49.268841 -3.180919 1.876522 0.008171 0.055119 -0.030085 0.997993
1755487288.868966 49.273568 -3.181646 1.884109 0.008412 0.054622 -0.026787 0.998112
1755487288.947543 49.294443 -3.183801 1.907357 0.009625 0.051662 -0.016156 0.998488
1755487288.967802 49.298795 -3.183544 1.912188 0.009507 0.050958 -0.014634 0.998548
1755487289.068622 49.327599 -3.183292 1.926751 0.008293 0.048234 -0.013048 0.998716
1755487289.149799 49.357802 -3.182692 1.930059 0.008456 0.047600 -0.014564 0.998725
1755487289.169016 49.364895 -3.181709 1.930593 0.008412 0.048053 -0.015187 0.998694
