# timestamp tx ty tz qx qy qz qw
1646305720.053213 -0.000731 0.000730 -0.000290 0.000037 -0.000060 0.000034 1.000000
1646305720.203207 -0.000464 -0.000808 -0.000171 0.000106 0.000193 -0.000065 1.000000
1646305720.953178 -0.000962 0.000045 -0.000699 0.000245 0.000400 0.000022 1.000000
1646305721.603157 -0.005788 0.002662 -0.000259 0.000219 0.000492 -0.000022 1.000000
1646305722.003142 -0.003824 0.003396 -0.000372 0.000139 0.000255 -0.000041 1.000000
1646305722.328129 0.000700 0.000348 0.000075 0.000140 0.000200 -0.000035 1.000000
1646305722.753113 0.002503 -0.000580 -0.000512 0.000176 0.000214 0.000019 1.000000
1646305723.253094 -0.000136 0.000576 0.000144 0.000165 0.000342 -0.000050 1.000000
1646305723.503084 -0.001202 0.000870 0.000345 0.000136 0.000160 -0.000023 1.000000
1646305723.753075 -0.000814 -0.003651 -0.015609 -0.004055 0.004459 -0.007591 0.999953
1646305724.128057 0.041166 0.090033 -0.466583 0.112290 -0.006472 0.068074 0.991320
1646305724.553041 0.169716 0.439703 -0.840142 0.176020 0.052783 0.160628 0.969757
1646305725.053022 0.350048 1.150197 -0.921136 -0.265135 -0.156155 0.400386 0.863140
1646305725.603001 1.012662 1.414572 -0.925503 -0.240364 -0.013279 0.108643 0.964492
1646305725.752996 1.232165 1.416554 -0.948728 -0.150223 0.045515 0.060800 0.985731
1646305726.002986 1.567727 1.567180 -1.055881 0.086062 0.104916 0.117734 0.983730
1646305727.002948 2.601406 2.646227 -1.006356 -0.112336 -0.028588 0.392912 0.912241
1646305727.227940 2.885305 2.827811 -0.971492 -0.136628 -0.015774 0.299953 0.943988
1646305727.802918 3.569845 3.065245 -0.877978 -0.007845 -0.045576 0.107272 0.993154
1646305728.352888 4.183685 3.101980 -0.886262 0.026123 -0.032898 0.030105 0.998664
1646305728.552880 4.436005 3.150037 -0.889684 0.022712 -0.010180 0.052457 0.998313
1646305728.852868 4.780578 3.284128 -0.950164 -0.098130 -0.012942 0.197353 0.975323
1646305729.002862 4.960559 3.324062 -0.966860 -0.186559 0.018464 0.200331 0.961625
1646305729.452844 5.589850 3.157810 -0.916951 -0.291048 0.017900 -0.063197 0.954451
1646305729.602839 5.813043 3.100246 -0.910258 -0.267940 -0.015573 -0.056388 0.961658
1646305729.852829 6.151741 3.089122 -0.944784 -0.140680 0.031532 0.004675 0.989542
1646305730.252813 6.690712 2.965750 -0.937518 -0.039898 0.010450 -0.018797 0.998972
1646305730.452805 6.930074 2.791045 -0.915488 -0.055941 0.032518 -0.137195 0.988428
1646305730.652797 7.042147 2.499418 -0.927494 -0.032587 0.027117 -0.386831 0.921176
1646305730.802791 6.967938 2.315604 -0.937749 -0.004812 0.038225 -0.645539 0.762755
1646305731.002783 6.785965 2.320204 -0.928499 0.010093 0.018345 -0.902436 0.430314
1646305732.027742 7.998215 3.100550 -0.873875 -0.005550 0.031246 0.238328 0.970666
1646305732.252729 8.278413 3.192762 -0.934243 -0.000992 0.112439 0.188888 0.975540
1646305733.052698 8.827029 3.493823 -0.310637 -0.041198 0.103815 0.225255 0.967877
1646305733.127695 8.837512 3.487044 -0.254605 -0.039299 0.101205 0.221593 0.969077
1646305733.302688 8.827505 3.473749 -0.141978 -0.023606 0.089014 0.205790 0.974253
1646305734.252650 8.682382 3.373096 -0.085347 0.002438 0.003836 0.144646 0.989473
1646305734.452642 8.688518 3.369420 -0.084568 0.002326 0.006424 0.153809 0.988077
1646305734.802628 8.713592 3.376228 -0.067066 0.004968 0.002339 0.151970 0.988370
1646305735.402604 8.735856 3.410649 -0.015720 0.006115 -0.003691 0.150103 0.988645
1646305735.652594 8.731826 3.419519 -0.005897 0.004023 0.002574 0.150313 0.988627
1646305735.827587 8.729558 3.394333 -0.009492 -0.000605 0.003657 0.149625 0.988736
1646305736.352558 8.701015 3.350289 -0.048130 -0.007195 0.007774 0.150468 0.988558
1646305736.952535 8.682709 3.358670 -0.080342 -0.007355 0.007882 0.151398 0.988414
1646305737.502513 8.696606 3.386638 -0.064041 -0.007247 0.008166 0.153084 0.988153
1646305738.052491 8.715261 3.396455 -0.032858 -0.007196 0.008084 0.152809 0.988197
1646305738.152487 8.723933 3.384817 -0.043881 -0.007119 0.007792 0.152780 0.988204
1646305738.352479 8.730844 3.376128 -0.055897 -0.007219 0.007778 0.152766 0.988205
1646305738.752464 8.721563 3.373976 -0.062629 -0.007271 0.008005 0.152782 0.988201
1646305739.502432 8.682265 3.378620 -0.051633 -0.007170 0.008061 0.152590 0.988231
1646305740.127407 8.686106 3.385087 -0.041201 -0.007148 0.007896 0.152704 0.988215
1646305740.252403 8.719465 3.385274 -0.046994 -0.007187 0.007768 0.152782 0.988203
1646305740.352398 8.739440 3.386490 -0.050297 -0.007226 0.007820 0.152720 0.988212
1646305740.477394 8.743825 3.385925 -0.050918 -0.007215 0.007785 0.152741 0.988209
1646305740.702385 8.731543 3.386100 -0.048036 -0.007181 0.007796 0.152763 0.988206
1646305741.002373 8.708358 3.385675 -0.044859 -0.007223 0.007851 0.152736 0.988209
1646305741.952336 8.653553 3.381902 -0.040797 -0.007215 0.007828 0.152912 0.988182
1646305742.252324 8.708486 3.381209 -0.049399 -0.007183 0.007894 0.152771 0.988204
1646305743.252277 8.806802 3.378895 -0.067069 -0.007282 0.008082 0.152561 0.988234
1646305744.102242 8.712617 3.373515 -0.056306 -0.007259 0.007941 0.152627 0.988225
1646305744.852211 8.639525 3.380409 -0.040398 -0.007216 0.007837 0.152768 0.988205
1646305745.402189 8.668312 3.361102 -0.075777 -0.015776 -0.033272 0.138640 0.989658
1646305745.902169 8.645473 3.237331 -0.629526 -0.069244 0.002070 -0.027416 0.997221
1646305746.802131 8.769921 2.934268 -0.715624 -0.013494 0.001802 -0.578105 0.815849
1646305747.402110 8.815533 2.463568 -0.745009 0.019418 0.004929 -0.697239 0.716559
1646305748.427068 8.864050 1.235191 -0.803013 0.058659 -0.019358 -0.691884 0.719361
1646305748.852050 8.878630 0.770057 -0.806139 0.033200 -0.000457 -0.692536 0.720618
1646305749.202036 8.921421 0.422920 -0.810193 0.026625 -0.005810 -0.677132 0.735357
1646305749.977004 8.919250 -0.420518 -0.777905 0.015641 -0.029658 -0.699325 0.714017
1646305750.776971 8.885766 -1.495730 -0.836891 -0.063425 0.069970 -0.687984 0.719555
1646305750.951964 8.937080 -1.735112 -0.866577 -0.088987 0.072092 -0.643824 0.756555
1646305751.401954 9.027644 -2.308456 -0.904318 -0.188073 0.151212 -0.616058 0.749824
1646305751.551948 9.022447 -2.494778 -0.886766 -0.149280 0.074722 -0.632928 0.755999
1646305751.651944 9.005853 -2.618144 -0.877004 -0.115842 0.037969 -0.650058 0.750042
1646305752.251921 9.066197 -3.381084 -0.868958 0.190096 -0.179487 -0.585221 0.767570
1646305752.801900 9.212025 -4.136229 -0.880732 0.047483 -0.074819 -0.604973 0.791300
1646305753.251882 9.230989 -4.694267 -0.907398 -0.087992 0.094075 -0.623315 0.771288
1646305753.651866 9.037112 -5.106205 -0.890392 -0.199552 0.252211 -0.741670 0.588638
1646305753.751863 8.937715 -5.170906 -0.872083 -0.207380 0.319421 -0.766769 0.516748
1646305753.826860 8.856287 -5.214163 -0.856114 -0.215237 0.359522 -0.775553 0.472160
1646305753.926856 8.745830 -5.278621 -0.843604 -0.225681 0.385148 -0.785388 0.428829
1646305754.001853 8.658180 -5.315165 -0.837434 -0.220600 0.392911 -0.802888 0.390292
1646305754.151847 8.482263 -5.350704 -0.815135 -0.196518 0.395086 -0.851141 0.284336
1646305754.251843 8.350677 -5.352308 -0.791240 -0.166423 0.406485 -0.876593 0.196618
1646305754.451836 8.097604 -5.321827 -0.767097 -0.107488 0.370777 -0.921311 0.046448
1646305754.526833 8.007861 -5.294820 -0.770627 -0.091780 0.343993 -0.934456 -0.006091
1646305755.301802 7.073436 -5.070331 -0.852934 -0.037649 -0.161787 0.979762 0.111683
1646305755.401798 6.976903 -5.023188 -0.848853 -0.030225 -0.145022 0.980629 0.128150
1646305756.401757 5.758898 -5.005580 -0.884632 0.023154 0.038874 -0.998890 0.013088
1646305757.201726 4.558917 -5.270135 -0.922434 0.025712 0.004098 -0.996079 0.084551
1646305757.451717 4.291662 -5.311656 -0.908444 0.037987 -0.019985 -0.997055 0.063554
1646305757.526714 4.233610 -5.319049 -0.906697 0.034502 -0.042917 -0.996338 0.065407
1646305757.701707 4.176060 -5.316009 -0.901894 0.031936 -0.072014 -0.991596 0.102624
1646305757.801703 4.151573 -5.331358 -0.895724 0.026372 -0.070590 -0.985018 0.155116
1646305758.651670 4.141249 -5.466953 -0.781328 -0.085211 -0.086705 -0.873672 0.471083
1646305758.901660 4.141968 -5.522866 -0.847231 0.054274 -0.165468 -0.859979 0.479699
1646305759.051654 4.123486 -5.548215 -0.888278 0.179007 -0.241046 -0.829960 0.470126
1646305759.951619 4.329638 -5.713512 -0.744570 0.249988 -0.360886 -0.657489 0.612353
1646305760.051611 4.384784 -5.734320 -0.751496 0.262542 -0.358434 -0.635747 0.631207
1646305760.426597 4.565666 -5.834772 -0.772319 0.277232 -0.308298 -0.566029 0.712535
1646305760.551592 4.616778 -5.892044 -0.770205 0.269674 -0.296267 -0.543400 0.737711
1646305760.776583 4.724810 -6.037387 -0.770114 0.251255 -0.278728 -0.520133 0.767232
1646305760.851580 4.779062 -6.098083 -0.768142 0.253261 -0.274672 -0.515654 0.771048
1646305761.051572 4.893526 -6.291370 -0.774927 0.220740 -0.248886 -0.551489 0.764977
1646305761.151568 4.953487 -6.385341 -0.789372 0.197677 -0.241407 -0.566711 0.762552
1646305761.251564 5.005382 -6.477318 -0.807367 0.180803 -0.223535 -0.574955 0.766008
1646305761.501554 5.082746 -6.757396 -0.837607 0.064509 -0.111133 -0.612712 0.779790
1646305761.701547 5.092262 -6.989632 -0.869751 -0.079690 -0.001595 -0.640890 0.763484
1646305762.601511 4.614480 -7.723761 -0.830114 -0.116134 0.313593 -0.891863 0.304555
1646305763.001496 4.423785 -7.790396 -0.679434 -0.065301 0.116480 -0.985434 0.105297
1646305763.151489 4.404850 -7.781722 -0.639324 -0.026927 0.063729 -0.995898 0.058312
1646305763.251486 4.400065 -7.779230 -0.625430 -0.000170 0.026862 -0.998234 0.052987
1646305763.401480 4.360745 -7.797085 -0.597281 0.043567 -0.007924 -0.997395 0.056937
1646305763.551474 4.267218 -7.831882 -0.543037 0.079636 -0.015281 -0.995141 0.055853
1646305763.651470 4.200214 -7.853675 -0.490278 0.101310 -0.019808 -0.993572 0.046472
1646305763.851462 4.077864 -7.876247 -0.346183 0.099613 -0.019363 -0.993887 0.043481
1646305764.751427 3.813473 -7.933467 0.069423 -0.053641 -0.010185 0.998443 0.011463
1646305765.151411 3.746933 -7.924929 0.090658 0.038203 0.017457 -0.999105 0.004965
1646305765.301405 3.759979 -7.899910 0.093111 0.038731 0.017140 -0.998956 0.017091
1646305765.651391 3.792857 -7.861437 0.093346 0.037307 0.001132 -0.999233 0.011857
1646305765.726388 3.793954 -7.872255 0.096611 0.044538 -0.000329 -0.998989 0.006142
1646305765.801385 3.791233 -7.878313 0.100649 0.039951 -0.001680 -0.999183 0.005870
1646305766.051378 3.776001 -7.894483 0.111233 0.019130 -0.009515 -0.999731 0.009002
1646305767.051339 3.694609 -7.969476 0.119629 0.005545 -0.005244 -0.999958 0.005071
1646305767.601317 3.669165 -7.960758 0.111766 0.005929 -0.004153 -0.999962 0.004759
1646305768.051299 3.692615 -7.904192 0.109381 0.006005 -0.004193 -0.999965 0.003948
1646305768.626277 3.740125 -7.866353 0.114124 0.005679 -0.004079 -0.999969 0.003621
1646305769.276251 3.745718 -7.889804 0.118006 0.005647 -0.004073 -0.999970 0.003503
1646305769.451244 3.753218 -7.895022 0.116993 0.005572 -0.004006 -0.999970 0.003587
1646305769.801230 3.759344 -7.900991 0.113380 0.005798 -0.003989 -0.999969 0.003623
1646305770.326216 3.741687 -7.901918 0.112879 0.005588 -0.004084 -0.999970 0.003510
1646305770.551208 3.746817 -7.890312 0.116039 0.005716 -0.003975 -0.999970 0.003513
1646305771.401175 3.722376 -7.897371 0.119354 0.005549 -0.004182 -0.999969 0.003771
1646305772.276142 3.654469 -7.943257 0.111293 0.005490 -0.004104 -0.999969 0.003791
1646305772.601130 3.680277 -7.914916 0.112716 0.005385 -0.003613 -0.999973 0.003324
1646305773.401099 3.650279 -7.910865 -0.500816 0.000832 -0.016248 -0.999404 0.030440
1646305773.801084 3.636782 -7.955858 -0.566955 0.019848 0.013825 0.999684 0.006843
1646305774.451059 3.677020 -8.298158 -0.588057 0.009775 0.024660 0.999036 0.034987
1646305774.851044 3.708101 -8.623587 -0.598528 -0.002221 -0.013824 -0.999834 0.011696
1646305775.151032 3.736296 -8.784566 -0.613700 -0.004567 -0.016367 -0.999445 0.028658
1646305775.301027 3.752038 -8.821291 -0.613347 -0.007587 -0.014038 -0.998459 0.053151
1646305775.651013 3.776266 -8.848269 -0.638344 -0.004551 -0.030185 -0.984167 0.174596
1646305775.801008 3.784494 -8.884786 -0.652128 -0.004889 -0.034857 -0.944644 0.326202
1646305775.901004 3.792709 -8.893834 -0.650704 -0.011915 -0.029708 -0.909987 0.413400
1646305776.600977 4.110812 -8.893657 -0.594501 -0.026981 -0.056961 -0.759785 0.647112
1646305777.250952 4.790228 -9.112775 -0.687148 -0.097136 0.043798 -0.546739 0.830496
1646305778.050920 5.720681 -9.299764 -0.778263 -0.083853 0.067669 -0.275827 0.955149
1646305778.250912 5.970000 -9.339631 -0.774374 -0.060384 0.032046 -0.176992 0.981835
1646305778.350908 6.089286 -9.361811 -0.781008 -0.061674 0.033281 -0.143427 0.987177
1646305778.450904 6.216961 -9.383818 -0.786401 -0.057021 0.042770 -0.109632 0.991413
1646305778.550900 6.351327 -9.404935 -0.791976 -0.039662 0.051777 -0.083231 0.994394
1646305778.625897 6.454479 -9.426679 -0.797539 -0.042121 0.058291 -0.078708 0.994300
1646305779.650858 7.882484 -9.703393 -0.820702 -0.028561 -0.065906 -0.003325 0.997411
1646305780.650820 8.826009 -10.548189 -0.698709 -0.275353 -0.086977 -0.414706 0.862922
1646305781.150801 8.915111 -11.084215 -0.681894 -0.314436 0.024262 -0.613036 0.724381
1646305781.225798 8.925329 -11.158741 -0.683602 -0.313397 0.025753 -0.632491 0.707865
1646305781.375793 8.943133 -11.300592 -0.692114 -0.296004 0.042935 -0.659520 0.689617
1646305781.550786 8.952311 -11.483268 -0.694373 -0.273474 0.057616 -0.692464 0.665121
1646305781.900773 8.953062 -11.854029 -0.720637 -0.250464 0.069177 -0.733649 0.627887
1646305782.100763 8.957788 -12.087692 -0.714001 -0.254196 0.062297 -0.712688 0.650830
1646305782.300755 8.948777 -12.309833 -0.721318 -0.256746 0.059379 -0.714000 0.648659
1646305783.150722 8.859614 -13.399814 -0.721967 -0.233724 0.045850 -0.714649 0.657684
1646305784.100686 8.922911 -14.571765 -0.783251 0.047247 -0.156071 -0.705111 0.690093
1646305785.075648 9.100283 -15.323748 -0.644257 0.145546 -0.075279 -0.580933 0.797287
1646305785.300640 9.187889 -15.371791 -0.500687 0.122310 -0.020865 -0.554712 0.822739
1646305785.825619 9.346462 -15.376059 -0.233507 0.104412 0.092944 -0.592566 0.793300
1646305786.450599 9.482790 -15.566868 0.055212 0.030659 0.073016 -0.484023 0.871465
1646305786.800585 9.562243 -15.641952 0.153012 0.008285 0.056418 -0.514453 0.855621
1646305787.375563 9.616690 -15.664014 0.204367 0.007499 0.036745 -0.511125 0.858688
1646305787.950541 9.581469 -15.648197 0.218962 -0.003615 0.024539 -0.511732 0.858787
1646305788.625515 9.545074 -15.637071 0.210176 0.005119 0.006750 -0.506331 0.862298
1646305788.775509 9.568069 -15.642356 0.217179 0.003383 -0.001275 -0.503506 0.863984
1646305789.300489 9.636404 -15.660951 0.229989 0.002791 -0.002227 -0.500451 0.865758
1646305789.900466 9.627400 -15.666322 0.230362 0.003074 -0.002154 -0.497222 0.867615
1646305790.400454 9.571923 -15.652013 0.222205 0.003046 -0.002176 -0.498108 0.867107
1646305790.625445 9.568795 -15.639287 0.219522 0.002840 -0.002111 -0.500344 0.865820
1646305790.725441 9.580639 -15.636550 0.220953 0.002887 -0.002208 -0.498948 0.866624
1646305791.000431 9.599808 -15.637645 0.224212 0.002888 -0.002273 -0.498373 0.866955
1646305791.650407 9.606825 -15.659171 0.226943 0.003021 -0.002105 -0.499705 0.866188
1646305792.450377 9.580411 -15.679638 0.221384 0.002998 -0.002169 -0.499669 0.866209
1646305792.900360 9.574026 -15.656473 0.219796 0.002986 -0.002036 -0.499789 0.866139
1646305793.000356 9.581590 -15.642827 0.222320 0.003003 -0.002128 -0.499842 0.866109
1646305793.075353 9.592213 -15.634711 0.224603 0.003023 -0.002101 -0.499813 0.866126
1646305793.200349 9.599354 -15.628497 0.224775 0.003033 -0.002118 -0.499771 0.866150
1646305793.400341 9.599465 -15.633143 0.223640 0.003001 -0.002080 -0.499786 0.866141
1646305793.500338 9.592645 -15.641213 0.222641 0.003029 -0.002085 -0.499791 0.866138
1646305793.650332 9.586144 -15.646377 0.222351 0.003038 -0.002118 -0.499802 0.866132
1646305794.625295 9.556275 -15.691310 0.218852 0.003027 -0.001968 -0.499710 0.866185
1646305795.150278 9.578825 -15.669849 0.220629 0.003025 -0.002091 -0.499890 0.866081
1646305795.450267 9.598418 -15.642467 0.222987 0.003015 -0.002070 -0.499890 0.866081
1646305796.150241 9.476791 -15.570566 -0.109895 0.010674 0.001632 -0.616548 0.787244
1646305796.750219 8.980222 -15.290761 -0.782631 0.030738 0.021078 -0.971346 0.234731
1646305797.175203 8.666984 -14.884386 -0.781928 -0.083059 0.042230 0.987728 0.125346
1646305797.450192 8.439984 -14.701402 -0.810948 -0.062620 0.002149 0.982188 0.177145
1646305797.600187 8.302700 -14.623118 -0.804630 -0.048006 0.024920 0.980573 0.188550
1646305797.750181 8.151346 -14.529569 -0.832648 -0.001422 0.051110 0.977400 0.205123
1646305798.750144 6.981352 -14.109443 -0.859765 -0.056245 0.111109 0.982357 0.139523
1646305799.125132 6.686758 -13.773091 -0.917005 -0.110685 0.030865 0.941782 0.315979
1646305799.575116 6.116351 -13.726901 -0.887364 -0.139738 0.032495 0.984953 0.096356
1646305799.775108 5.902869 -13.478042 -0.896410 -0.072349 0.071055 0.973361 0.205636
1646305799.850106 5.817636 -13.417039 -0.889437 -0.082441 0.035757 0.967484 0.236432
1646305800.100096 5.469005 -13.362944 -0.880395 -0.109602 0.059450 0.975561 0.180925
1646305800.250091 5.261871 -13.340812 -0.904370 -0.051331 -0.005659 0.987576 0.148412
1646305800.400085 5.079105 -13.327150 -0.926335 -0.053898 0.003135 0.991689 0.116780
1646305801.300053 3.930829 -13.134476 -1.034757 -0.130874 -0.055563 0.970846 0.192983
1646305801.800035 3.625843 -12.675996 -0.926001 0.000309 0.073082 0.883362 0.462959
1646305802.200024 3.348800 -12.259315 -0.988322 -0.030878 0.016118 0.842075 0.538234
1646305802.500013 3.026469 -12.137856 -1.004081 -0.095260 0.000746 0.920219 0.379633
1646305802.600009 2.992532 -12.022992 -0.950798 -0.160201 0.122327 0.909178 0.364372
1646305802.899999 2.938058 -11.561379 -0.976411 -0.086956 0.092933 0.808197 0.574996
1646305803.199988 2.512139 -11.371096 -1.014009 -0.058817 0.084467 0.897942 0.427909
1646305804.049957 1.644123 -10.760478 -0.997808 -0.131111 -0.009095 0.933914 0.332462
1646305804.149953 1.640406 -10.621225 -0.957418 -0.111538 0.008493 0.920813 0.373617
1646305804.249949 1.696042 -10.492648 -0.931891 -0.161205 0.038968 0.873606 0.457501
1646305805.049920 1.739298 -9.812651 -0.884776 -0.089633 0.036784 0.777909 0.620863
1646305805.299911 1.600732 -9.794199 -0.892079 -0.081434 0.043381 0.899157 0.427789
1646305806.349878 1.918265 -9.563923 -0.438679 -0.042299 -0.004725 0.901901 0.429841
1646305806.974854 1.979122 -9.528003 -0.044626 -0.027020 0.015692 0.830792 0.555705
1646305807.099850 1.965722 -9.510847 -0.019955 -0.024483 0.010314 0.830586 0.556256
1646305807.174847 1.953887 -9.503148 -0.013899 -0.022499 0.010841 0.832139 0.554004
1646305807.499835 1.926392 -9.444780 0.041312 -0.010564 0.001352 0.830906 0.556312
1646305807.699828 1.923302 -9.414889 0.057214 -0.001892 0.000635 0.829094 0.559106
1646305807.849822 1.923470 -9.408421 0.053398 0.006328 -0.001850 0.831710 0.555171
1646305808.049814 1.919793 -9.422907 0.053972 0.011369 -0.002661 0.833498 0.552399
1646305808.899783 1.878232 -9.443554 0.063113 0.018336 -0.008600 0.834047 0.551322
1646305809.949744 1.826887 -9.448211 0.081522 0.001117 -0.003493 0.837731 0.546070
1646305810.049741 1.907265 -9.419482 0.087801 -0.000040 -0.002013 0.838344 0.545138
1646305810.399728 2.108627 -9.362633 0.099557 -0.011275 -0.000358 0.837244 0.546714
1646305810.874710 2.232790 -9.349353 0.094849 -0.012575 0.003822 0.837172 0.546782
1646305810.999706 2.229720 -9.365074 0.091305 -0.012331 0.003598 0.837157 0.546812
1646305811.249696 2.200791 -9.393080 0.088844 -0.012299 0.003535 0.837183 0.546773
1646305811.649681 2.147023 -9.412390 0.090752 -0.012366 0.003390 0.837079 0.546932
1646305812.349656 2.008560 -9.418139 0.093960 -0.012420 0.003296 0.836985 0.547076
1646305812.599646 1.892177 -9.419664 0.090550 -0.012616 0.003014 0.836870 0.547248
1646305813.399617 1.500955 -9.444030 0.078032 -0.012648 0.003108 0.836801 0.547352
1646305814.149589 1.046171 -9.494372 0.074559 -0.012739 0.002855 0.836845 0.547285
1646305815.149552 0.330682 -9.566332 0.071238 -0.012570 0.002551 0.836622 0.547630
1646305815.699532 -0.146827 -9.809375 -0.434110 0.056394 0.054978 0.941953 0.326377
1646305815.849526 -0.248624 -9.888866 -0.599377 0.046302 0.036451 0.965743 0.252723
1646305816.874491 -1.041760 -9.883138 -0.927148 -0.198112 -0.340914 0.849012 0.351721
1646305816.999486 -1.063844 -9.796572 -0.900865 -0.258662 -0.350166 0.770537 0.465565
1646305817.099483 -1.021829 -9.735605 -0.886531 -0.312547 -0.357987 0.683967 0.553488
1646305817.349473 -0.976472 -9.629604 -0.874905 -0.376433 -0.284707 0.561139 0.679972
1646305817.749459 -0.990955 -9.420050 -0.892101 -0.350489 -0.253184 0.499802 0.750502
1646305818.549429 -0.990547 -8.837105 -0.988422 -0.332248 -0.073175 0.249903 0.906535
1646305819.049410 -1.106406 -8.263861 -0.969596 -0.333325 -0.086889 0.253283 0.903987
1646305819.699386 -1.247042 -7.519340 -0.995002 0.008487 0.010572 0.256579 0.966428
1646305820.124372 -1.389538 -6.983462 -1.020044 0.279995 0.195806 0.367082 0.865167
1646305820.799347 -1.517628 -6.218442 -1.084506 -0.213094 -0.063194 0.491652 0.841947
1646305821.549320 -1.573631 -5.395557 -1.157463 -0.030404 0.124611 0.482106 0.866673
1646305822.174297 -1.640445 -4.837473 -1.142363 -0.063853 0.137232 0.484102 0.861821
1646305822.299293 -1.656875 -4.748421 -1.119669 -0.067530 0.120648 0.516521 0.845038
1646305822.449287 -1.707038 -4.632717 -1.079331 -0.030436 0.094767 0.574754 0.812250
1646305822.924270 -2.026050 -4.401106 -1.074400 -0.069599 0.012273 0.882842 0.464323
1646305823.149262 -2.196947 -4.400129 -1.089088 -0.055733 -0.005144 0.948641 0.311363
1646305823.649244 -2.477579 -4.318005 -1.068525 -0.024307 0.000936 0.968303 0.248592
1646305823.749240 -2.519165 -4.274893 -1.070311 -0.011220 0.021795 0.970764 0.238780
1646305824.049229 -2.674759 -4.167020 -1.086666 -0.021396 0.013125 0.987253 0.157168
1646305824.999195 -3.404095 -4.069374 -1.072973 -0.005227 -0.263495 0.962848 0.058888
1646305825.699166 -4.174180 -3.985038 -1.145433 -0.076708 0.067561 0.988182 0.114228
1646305826.074152 -4.560447 -3.939402 -1.095373 -0.039156 0.045558 0.997372 0.040502
1646305826.299144 -4.731525 -3.930057 -1.091390 -0.006933 0.023675 0.999541 0.017591
1646305826.849124 -5.146678 -3.975780 -1.128229 0.040790 -0.021539 -0.998854 0.012784
1646305827.549099 -5.660088 -4.153707 -1.213991 0.037138 -0.040253 -0.927252 0.370412
1646305828.174076 -6.165397 -4.267131 -1.210814 0.030529 -0.035458 -0.818876 0.572060
1646305828.649059 -6.464342 -4.269309 -1.240045 0.036528 -0.010644 -0.739966 0.671567
1646305829.049044 -6.751853 -4.226702 -1.238132 0.027529 -0.029122 -0.761834 0.646531
1646305829.649015 -7.147388 -4.131823 -1.239702 0.030459 -0.020384 -0.749017 0.661537
1646305829.999002 -7.374080 -4.175509 -1.201848 0.005548 -0.012248 -0.780124 0.625480
1646305830.198995 -7.507383 -4.198574 -1.174803 0.014874 0.000182 -0.804318 0.594013
1646305830.448986 -7.656059 -4.209363 -1.139689 0.017154 0.011946 -0.850682 0.525265
1646305831.048963 -8.017669 -4.160303 -1.200301 0.096860 0.017631 -0.934687 0.341567
1646305831.398950 -8.063559 -4.185133 -1.100515 0.080214 0.018393 -0.981937 0.170372
1646305831.948929 -7.982603 -4.250393 -0.600926 0.052932 0.004503 -0.992198 0.112786
1646305832.848896 -8.043853 -4.272060 -0.228641 0.020863 -0.022612 -0.997681 0.060715
1646305832.948892 -8.050842 -4.260847 -0.213551 0.020885 -0.024295 -0.998084 0.052932
1646305833.898859 -8.082940 -4.234683 -0.163922 0.000320 -0.019807 -0.997760 0.063896
1646305834.623832 -8.056132 -4.256611 -0.183464 -0.000584 -0.017540 -0.997168 0.073126
1646305834.848823 -8.024831 -4.259941 -0.185646 -0.000399 -0.018461 -0.996851 0.077113
1646305834.948820 -8.012642 -4.255873 -0.181134 0.000375 -0.018212 -0.996848 0.077211
1646305835.048816 -8.009424 -4.253746 -0.179709 0.000645 -0.017528 -0.996869 0.077100
1646305835.123813 -8.004916 -4.252577 -0.178098 0.000852 -0.016185 -0.996868 0.077400
1646305835.498799 -8.001215 -4.257553 -0.176767 0.002967 -0.012541 -0.996692 0.080238
1646305836.198773 -8.025336 -4.272309 -0.182079 0.003720 -0.009832 -0.996328 0.084966
1646305836.748752 -8.032942 -4.267608 -0.186252 0.004699 -0.008747 -0.996369 0.084556
1646305837.448729 -8.042760 -4.254463 -0.184842 0.006606 -0.004902 -0.996654 0.081318
1646305837.548726 -8.022770 -4.246349 -0.180590 0.006678 -0.004750 -0.996718 0.080538
1646305838.598687 -7.942486 -4.216980 -0.159509 0.006026 -0.005108 -0.996600 0.082016
1646305839.248663 -8.017325 -4.256275 -0.175819 0.006101 -0.005036 -0.996553 0.082580
1646305840.198628 -8.160162 -4.300435 -0.199845 0.006246 -0.005031 -0.996766 0.079963
1646305840.298624 -8.166382 -4.294462 -0.205397 0.007047 -0.004567 -0.996857 0.078774
1646305840.873603 -8.122300 -4.249615 -0.209623 0.006643 -0.005056 -0.996665 0.081170
1646305841.548578 -8.072998 -4.219801 -0.408596 -0.019785 0.012936 -0.997323 0.069197
1646305841.748570 -8.006239 -4.233739 -0.701265 0.020154 0.034359 -0.996696 0.070777
1646305841.973562 -7.949369 -4.226813 -1.029913 0.156926 0.014770 -0.987266 0.021499
1646305842.898528 -7.559629 -3.867536 -1.443879 -0.061621 0.298582 0.709314 0.635551
1646305843.823494 -6.976073 -3.337367 -1.535945 0.091579 0.346135 0.273498 0.892750
1646305844.348474 -6.576963 -3.180575 -1.589678 0.167545 0.424144 0.107377 0.883459
1646305844.998450 -5.892541 -3.333946 -1.554129 0.285643 0.373437 -0.163364 0.867332
1646305845.248441 -5.658662 -3.472729 -1.575679 0.250156 0.365436 -0.155911 0.882933
1646305846.148408 -4.910548 -3.820034 -1.614993 0.099209 0.303661 -0.123978 0.939456
1646305846.448397 -4.684917 -3.753764 -1.605737 -0.119897 0.229546 0.147690 0.954527
1646305846.648389 -4.540498 -3.697895 -1.574582 -0.199330 0.259650 0.220355 0.918854
1646305846.723387 -4.467289 -3.701782 -1.562390 -0.241247 0.247732 0.222087 0.911650
1646305846.823383 -4.349101 -3.707466 -1.544196 -0.265116 0.189581 0.223442 0.918611
1646305847.798347 -3.481037 -3.371026 -1.415653 -0.085510 0.099777 0.106450 0.985597
1646305848.448323 -3.237906 -2.785839 -1.390482 -0.041453 0.037119 0.457025 0.887712
1646305848.598317 -3.117047 -2.707957 -1.425266 -0.165725 -0.036518 0.476029 0.862901
1646305849.598278 -2.477479 -2.164165 -1.384418 0.004241 0.077570 0.568439 0.819050
1646305849.848269 -2.489433 -2.078046 -1.338301 0.020770 0.092635 0.693452 0.714221
1646305850.873230 -2.682566 -1.805537 -1.150943 -0.000864 0.068842 0.966807 0.246058
1646305851.348213 -2.788899 -1.560639 -1.159693 -0.011889 0.059767 0.994803 0.081568
1646305851.448209 -2.803588 -1.491139 -1.177516 -0.005111 0.046049 0.997661 0.050268
1646305851.573205 -2.797014 -1.422736 -1.185961 0.008012 -0.056733 -0.998344 0.005082
1646305851.748198 -2.773978 -1.339402 -1.194269 0.000337 -0.081086 -0.991972 0.097037
1646305851.848195 -2.747724 -1.324160 -1.213329 -0.022998 -0.077556 -0.982884 0.165515
1646305851.923192 -2.748993 -1.307323 -1.246629 -0.023718 -0.058686 -0.976670 0.205203
1646305852.098185 -2.771245 -1.273047 -1.310047 0.001729 -0.037651 -0.959460 0.279312
1646305852.248180 -2.831686 -1.232827 -1.347839 -0.011726 -0.021395 -0.951937 0.305320
1646305852.323177 -2.874523 -1.218063 -1.349945 -0.016114 -0.026472 -0.947724 0.317583
1646305852.448173 -2.934747 -1.193028 -1.365091 -0.008906 -0.037446 -0.937952 0.344623
1646305852.798159 -3.122639 -1.157639 -1.372819 -0.029706 -0.041567 -0.896653 0.439777
1646305852.898156 -3.172461 -1.146860 -1.373571 -0.025583 -0.047209 -0.873749 0.483403
1646305853.298141 -3.406760 -1.123319 -1.428667 -0.070649 -0.063312 -0.777572 0.621596
1646305854.098112 -3.961987 -1.243879 -1.441116 -0.074973 -0.094952 -0.709394 0.694351
1646305854.398101 -4.164404 -1.240180 -1.436385 -0.068363 -0.104110 -0.656170 0.744264
1646305854.548095 -4.253009 -1.241172 -1.436159 -0.063568 -0.101828 -0.631461 0.766059
1646305854.598094 -4.284412 -1.247404 -1.438421 -0.069033 -0.095546 -0.628169 0.769096
1646305854.648092 -4.315000 -1.254181 -1.437647 -0.070722 -0.096265 -0.629376 0.767865
1646305854.698090 -4.352718 -1.263803 -1.435580 -0.073176 -0.094655 -0.631466 0.766118
1646305854.748088 -4.389184 -1.271607 -1.432888 -0.073046 -0.090191 -0.633260 0.765187
1646305854.798086 -4.433406 -1.283123 -1.429479 -0.071259 -0.086490 -0.637189 0.762517
1646305854.848084 -4.474545 -1.294323 -1.423316 -0.072430 -0.087881 -0.644303 0.756244
1646305854.898082 -4.522469 -1.306869 -1.415009 -0.078498 -0.089714 -0.653097 0.747832
1646305854.948081 -4.570473 -1.317882 -1.407890 -0.085445 -0.089541 -0.665264 0.736278
1646305854.998079 -4.621652 -1.331452 -1.403344 -0.087491 -0.092663 -0.680504 0.721577
1646305855.048077 -4.669867 -1.342411 -1.399878 -0.088045 -0.099576 -0.693701 0.707892
1646305856.048040 -5.456289 -0.994160 -1.432006 -0.054557 -0.004890 -0.993918 0.095530
1646305856.348029 -5.243114 -0.540771 -1.289823 0.065252 -0.010687 0.926612 0.370160
1646305856.648018 -4.730704 -0.345022 -1.162811 0.051801 0.013090 0.615975 0.785952
1646305856.848011 -4.470978 -0.427228 -1.095067 0.045140 0.001286 0.328340 0.943479
1646305856.948007 -4.388079 -0.514379 -1.081715 0.039870 0.004995 0.165735 0.985351
1646305857.297995 -4.517537 -0.917491 -1.115548 0.042279 0.019860 -0.428651 0.902262
1646305857.447989 -4.716328 -1.000084 -1.114575 0.032371 0.007925 -0.673174 0.738733
1646305857.522986 -4.814051 -0.989516 -1.115263 0.033997 0.005504 -0.778856 0.626256
1646305857.597984 -4.913813 -0.937866 -1.117877 0.028305 0.010163 -0.855718 0.516568
1646305857.747978 -5.066820 -0.767976 -1.116816 0.036353 -0.023076 -0.961837 0.270214
1646305858.047967 -5.065498 -0.321281 -1.131314 -0.025782 0.026307 0.965566 0.257536
1646305858.497951 -4.423107 -0.194875 -1.039846 -0.023776 -0.014713 0.549430 0.835072
1646305859.422917 -3.594158 -0.283232 -0.970306 0.075672 -0.022463 0.076175 0.993965
1646305859.547912 -3.496631 -0.247004 -0.982984 0.023181 -0.032269 0.070695 0.996706
1646305859.647908 -3.407718 -0.224785 -0.993083 -0.009990 -0.028277 0.070888 0.997033
1646305860.147890 -3.003973 -0.131399 -0.927432 -0.048920 -0.020059 0.132243 0.989806
1646305860.797866 -2.537232 -0.119790 -0.584721 0.036514 0.023552 0.051587 0.997723
1646305860.897862 -2.425426 -0.133714 -0.487880 0.057866 0.000556 0.067783 0.996020
1646305861.097853 -2.265684 -0.151603 -0.318103 0.103311 0.011890 0.101988 0.989335
1646305862.097816 -2.185774 -0.135188 0.274649 0.024565 0.006458 0.040471 0.998858
1646305862.447803 -2.191354 -0.158560 0.263803 0.013832 0.004666 0.036580 0.999224
1646305862.797790 -2.161030 -0.195583 0.261993 0.008767 -0.002167 0.034896 0.999350
1646305863.047781 -2.132509 -0.189882 0.282272 0.012519 -0.002882 0.038840 0.999163
1646305863.122778 -2.126776 -0.186675 0.290844 0.010616 -0.005988 0.037691 0.999215
1646305863.247774 -2.130022 -0.181373 0.298612 0.011717 -0.006733 0.035822 0.999267
1646305863.547763 -2.150047 -0.173091 0.308791 0.005999 -0.002788 0.034989 0.999366
1646305864.147741 -2.210457 -0.166873 0.304669 0.000402 0.014051 0.042968 0.998978
1646305864.397732 -2.179609 -0.174245 0.291508 0.002909 0.015616 0.048652 0.998689
1646305865.347691 -2.170237 -0.170167 0.266575 0.003082 0.015965 0.045247 0.998844
1646305865.647680 -2.168751 -0.171518 0.289694 0.003185 0.016414 0.045401 0.998829
1646305865.722677 -2.161909 -0.176581 0.297592 0.002992 0.015969 0.045177 0.998847
1646305865.847672 -2.143134 -0.183160 0.300776 0.003065 0.016466 0.045328 0.998832
1646305865.997667 -2.134503 -0.186002 0.297893 0.003048 0.016531 0.045364 0.998829
1646305866.947631 -2.208420 -0.161140 0.286385 0.002971 0.016324 0.045289 0.998836
