# timestamp tx ty tz qx qy qz qw
1646305719.478236 -0.000366 0.000164 -0.000214 0.000069 -0.000062 0.000001 1.000000
1646305719.653229 -0.000352 0.000081 -0.000512 0.000121 0.000056 -0.000004 1.000000
1646305719.803223 -0.000006 -0.000484 -0.000456 0.000127 -0.000202 -0.000019 1.000000
1646305719.953217 0.000684 -0.001252 -0.000221 0.000086 0.000078 0.000002 1.000000
1646305720.103211 0.000021 -0.000372 -0.000702 0.000089 0.000092 0.000008 1.000000
1646305720.203207 -0.000601 0.000059 -0.000713 0.000077 0.000049 -0.000033 1.000000
1646305720.403199 -0.001059 0.000394 -0.000551 0.000124 -0.000011 0.000005 1.000000
1646305720.553194 -0.000146 -0.000800 -0.000540 0.000099 0.000002 0.000006 1.000000
1646305721.103176 -0.000219 -0.000634 -0.001379 0.000155 0.000202 0.000017 1.000000
1646305721.203172 -0.000436 -0.000255 -0.000578 0.000066 -0.000014 0.000011 1.000000
1646305721.353166 -0.000530 -0.000455 -0.000018 0.000097 0.000027 0.000028 1.000000
1646305721.778150 -0.000734 0.000461 0.000194 0.000128 0.000173 0.000002 1.000000
1646305722.053140 -0.000229 0.001261 -0.000638 0.000104 0.000037 -0.000017 1.000000
1646305722.153136 -0.000183 0.000590 -0.000770 0.000080 -0.000034 0.000014 1.000000
1646305723.103100 -0.001019 0.000231 -0.001069 0.000191 0.000345 0.000004 1.000000
1646305723.253094 -0.000539 0.000706 -0.000468 0.000087 0.000039 -0.000018 1.000000
1646305723.653079 0.000447 0.000776 0.000561 0.000132 -0.000130 -0.000004 1.000000
1646305723.803073 -0.002483 -0.009006 -0.051326 -0.005619 0.025038 -0.012168 0.999597
1646305723.903069 -0.003659 -0.009645 -0.152539 -0.002525 0.050103 -0.016716 0.998601
1646305724.353049 0.083277 0.259862 -0.753034 0.190876 0.050639 0.145313 0.969477
1646305725.128019 0.397466 1.254390 -0.947379 -0.360840 -0.167617 0.378043 0.835932
1646305725.353011 0.653640 1.416843 -0.955564 -0.425284 -0.113258 0.265786 0.857708
1646305725.603001 1.019927 1.406872 -0.917813 -0.237643 -0.013505 0.108535 0.965175
1646305726.102982 1.679764 1.649654 -1.046121 0.157526 0.131485 0.152457 0.966775
1646305726.552965 2.169244 2.144399 -0.968826 0.018163 0.017797 0.302072 0.952946
1646305727.527928 3.243203 3.040802 -0.947495 -0.080262 -0.041862 0.131832 0.987130
1646305727.702922 3.451243 3.068390 -0.911948 -0.035000 -0.034674 0.113509 0.992315
1646305727.852916 3.611940 3.069360 -0.892393 0.003516 -0.050907 0.108982 0.992733
1646305727.952912 3.716739 3.074819 -0.881862 0.003491 -0.046063 0.108936 0.992975
1646305728.102898 3.889182 3.097746 -0.874098 -0.001457 -0.041943 0.090628 0.995000
1646305728.352888 4.182282 3.119405 -0.894659 0.027049 -0.033266 0.029971 0.998631
1646305729.352848 5.426749 3.304512 -0.939090 -0.272702 -0.000799 -0.016124 0.961963
1646305729.552840 5.727679 3.221502 -0.895575 -0.281719 -0.004689 -0.060158 0.957598
1646305730.402807 6.905474 2.836272 -0.901712 -0.054855 0.031358 -0.100983 0.992880
1646305730.602799 7.048786 2.564780 -0.915938 -0.036043 0.034998 -0.303966 0.951357
1646305731.127778 6.682024 2.459360 -0.922408 -0.000194 0.028367 -0.982059 0.186429
1646305731.302771 6.783312 2.805096 -0.917860 -0.029575 -0.018037 0.979894 0.196489
1646305731.402767 6.946592 2.986077 -0.910576 -0.032933 -0.005423 0.909772 0.413765
1646305731.602759 7.386160 3.142311 -0.906945 -0.040335 0.018402 0.669226 0.741735
1646305732.452721 8.451312 3.252621 -0.881901 -0.040022 0.144959 0.205156 0.967107
1646305732.902704 8.708965 3.399935 -0.488771 -0.018988 0.074570 0.240128 0.967687
1646305733.402683 8.800740 3.473081 -0.053390 -0.004139 0.078164 0.182050 0.980169
1646305733.477681 8.809572 3.478692 -0.023432 0.002186 0.065588 0.170378 0.983191
1646305733.552678 8.823345 3.482907 0.001706 0.001526 0.047952 0.164736 0.985170
1646305733.677673 8.827025 3.484334 0.026664 -0.002171 0.030196 0.153972 0.987611
1646305733.752670 8.834205 3.486159 0.035076 0.001069 0.021757 0.147777 0.988781
1646305734.552638 8.832106 3.517272 0.078386 0.006718 -0.003285 0.155624 0.987788
1646305734.627635 8.830218 3.513611 0.075012 0.007490 -0.003900 0.155697 0.987769
1646305734.802628 8.830301 3.504263 0.074276 0.008273 -0.004671 0.154992 0.987870
1646305734.952622 8.841652 3.502511 0.078510 0.009936 -0.007975 0.153831 0.988015
1646305735.027619 8.834453 3.504466 0.082860 0.009669 -0.007422 0.153928 0.988007
1646305736.002580 8.813942 3.527577 0.101584 -0.003558 0.001086 0.152154 0.988350
1646305736.652546 8.828652 3.531371 0.093248 -0.003689 0.001346 0.154024 0.988059
1646305736.752542 8.828888 3.515216 0.090849 -0.003926 0.001055 0.154688 0.987955
1646305736.902537 8.832770 3.496849 0.089906 -0.003876 0.001047 0.154477 0.987988
1646305737.302521 8.841974 3.484099 0.089777 -0.003750 0.001361 0.156499 0.987670
1646305737.427516 8.841320 3.502476 0.091298 -0.003851 0.001349 0.156382 0.987688
1646305737.877498 8.824675 3.542628 0.094100 -0.003759 0.001162 0.156073 0.987738
1646305738.277483 8.825308 3.530489 0.092450 -0.003723 0.001365 0.156090 0.987735
1646305738.377479 8.834714 3.513342 0.091570 -0.003861 0.001293 0.156228 0.987713
1646305738.502474 8.844259 3.498026 0.090995 -0.003817 0.001267 0.156082 0.987736
1646305739.102448 8.858863 3.474973 0.088489 -0.003646 0.001362 0.155995 0.987750
1646305739.202444 8.845116 3.496876 0.090538 -0.003800 0.001277 0.155937 0.987759
1646305740.202404 8.761055 3.614539 0.096488 -0.003509 0.001336 0.155694 0.987798
1646305740.402396 8.826219 3.531383 0.091959 -0.003815 0.001291 0.156223 0.987714
1646305740.702385 8.895912 3.437441 0.087242 -0.003739 0.001277 0.156079 0.987737
1646305740.877378 8.875585 3.455130 0.089068 -0.003865 0.001396 0.155829 0.987775
1646305741.002373 8.839405 3.497465 0.092194 -0.003828 0.001327 0.155965 0.987754
1646305741.202365 8.811326 3.537051 0.094125 -0.003790 0.001284 0.156116 0.987731
1646305741.702345 8.801478 3.568593 0.094042 -0.003787 0.001334 0.156087 0.987735
1646305742.002334 8.842310 3.519953 0.090824 -0.003790 0.001316 0.156218 0.987714
1646305742.977295 8.907098 3.422914 0.081866 -0.003662 0.001440 0.155777 0.987784
1646305743.302275 8.849846 3.491759 0.089360 -0.003787 0.001311 0.156032 0.987744
1646305744.127241 8.690015 3.626097 0.100508 -0.003705 0.001352 0.155144 0.987884
1646305744.252236 8.665758 3.623868 0.091022 -0.003690 0.001485 0.154524 0.987981
1646305744.902210 8.597336 3.613076 0.063570 -0.003656 0.001428 0.154881 0.987925
1646305745.252195 8.649738 3.573313 0.084794 -0.003715 0.001436 0.154700 0.987954
1646305745.902169 8.784537 3.282969 -0.517609 -0.065918 -0.001647 -0.026178 0.997480
1646305746.352150 8.827902 3.146420 -0.710667 -0.050641 0.051451 -0.328972 0.941576
1646305747.402110 8.745070 2.429099 -0.809215 0.019997 0.005487 -0.697771 0.716021
1646305748.152079 8.778781 1.614727 -0.811924 0.047777 -0.030802 -0.698547 0.713303
1646305748.302073 8.857042 1.470612 -0.789772 0.063236 -0.020890 -0.686823 0.723767
1646305749.252034 9.102640 0.438634 -0.726997 0.033612 -0.004855 -0.676465 0.735691
1646305749.652017 8.982031 -0.086062 -0.790023 0.027428 -0.015686 -0.710981 0.702501
1646305749.902007 8.860459 -0.405855 -0.806204 0.022135 -0.014758 -0.709254 0.704451
1646305750.002003 8.873977 -0.513567 -0.806449 0.014874 -0.031266 -0.696089 0.717120
1646305751.001962 8.964066 -1.813734 -0.885540 -0.099730 0.085169 -0.626744 0.768109
1646305751.601946 9.018839 -2.607746 -0.884998 -0.133870 0.053641 -0.639607 0.755052
1646305751.901935 8.995638 -2.945500 -0.864450 0.007536 -0.032056 -0.658874 0.751532
1646305752.851898 9.181056 -4.062331 -0.863508 0.031023 -0.048466 -0.600746 0.797366
1646305753.051890 9.222886 -4.369065 -0.884436 -0.042166 0.013483 -0.605603 0.794535
1646305753.651866 9.102610 -5.179127 -0.904196 -0.197502 0.251516 -0.741042 0.590415
1646305753.751863 9.004891 -5.257883 -0.877521 -0.205067 0.320512 -0.768728 0.514079
1646305753.901857 8.811171 -5.323947 -0.841098 -0.221113 0.382268 -0.782826 0.438365
1646305754.051851 8.592798 -5.346781 -0.827928 -0.209764 0.393422 -0.820506 0.357754
1646305754.951816 7.192382 -4.969905 -0.850046 -0.012199 -0.256052 0.957949 0.128929
1646305755.176807 6.930168 -4.894108 -0.864521 -0.022280 -0.187720 0.974842 0.118105
1646305755.701787 6.387931 -4.881345 -0.866145 -0.006473 -0.079618 0.985561 0.149296
1646305756.201765 5.919863 -5.061140 -0.892288 -0.013835 -0.037859 0.999131 0.010581
1646305757.001734 5.109988 -5.400169 -0.929863 0.008757 0.037975 -0.997380 0.060939
1646305757.776704 4.428470 -5.591852 -0.927383 0.030732 -0.072123 -0.986849 0.141362
1646305758.451678 4.226232 -5.533895 -0.807031 -0.087351 -0.038109 -0.899582 0.426227
1646305758.551674 4.238454 -5.516798 -0.784696 -0.092155 -0.078696 -0.883714 0.452067
1646305759.076653 4.313626 -5.426775 -0.892203 0.195722 -0.248885 -0.824202 0.469511
1646305759.801625 4.611901 -5.444037 -0.759329 0.246563 -0.381781 -0.671626 0.585122
1646305760.501594 5.131859 -5.808190 -0.760355 0.275912 -0.302288 -0.556056 0.723392
1646305761.101570 5.496685 -6.358276 -0.788264 0.207844 -0.248786 -0.564912 0.758802
1646305761.451556 5.630171 -6.701301 -0.840536 0.101380 -0.139812 -0.609760 0.773542
1646305761.551553 5.621273 -6.803201 -0.855719 0.027903 -0.085931 -0.617649 0.781247
1646305761.751545 5.547160 -6.986859 -0.898198 -0.102142 0.034920 -0.652777 0.749820
1646305761.851541 5.503441 -7.079889 -0.907989 -0.131154 0.125337 -0.678538 0.711812
1646305762.001535 5.444073 -7.224913 -0.905571 -0.145879 0.234859 -0.724719 0.631144
1646305762.926498 4.698647 -7.713485 -0.685928 -0.078296 0.148195 -0.975753 0.140765
1646305763.026495 4.646851 -7.735314 -0.670974 -0.059366 0.106117 -0.988016 0.095076
1646305763.351482 4.606688 -7.791654 -0.649812 0.030581 0.001452 -0.998112 0.053238
1646305763.476477 4.581847 -7.802467 -0.596602 0.064137 -0.013736 -0.996402 0.053670
1646305763.801464 4.460087 -7.816786 -0.383951 0.109108 -0.022367 -0.992961 0.040294
1646305763.901460 4.355169 -7.828127 -0.315908 0.090272 -0.017291 -0.995113 0.036090
1646305764.051454 4.254353 -7.842469 -0.215733 0.074109 -0.020546 -0.996985 0.010370
1646305764.251446 4.210058 -7.828706 -0.101753 -0.065495 0.009644 0.996630 0.048428
1646305765.151411 4.205544 -7.836056 0.072873 -0.039296 -0.018441 0.999056 0.001604
1646305765.401401 4.215057 -7.824053 0.086049 0.034069 0.014285 -0.999235 0.012814
1646305765.801385 4.221333 -7.809084 0.090390 0.042498 -0.000041 -0.999096 0.000506
1646305766.501360 4.177584 -7.809670 0.100387 -0.006192 0.005388 0.999915 0.010114
1646305767.451323 4.121090 -7.863378 0.092844 -0.007961 0.003348 0.999962 0.000800
1646305768.151295 4.139305 -7.860894 0.093235 -0.008199 0.002830 0.999959 0.002703
1646305768.301290 4.202882 -7.817893 0.099219 -0.007854 0.002802 0.999963 0.002077
1646305768.751272 4.372975 -7.726724 0.112476 -0.008097 0.002988 0.999959 0.002725
1646305768.901266 4.436248 -7.755462 0.103065 -0.006946 0.002792 0.999970 0.001788
1646305769.051260 4.450986 -7.798979 0.099525 0.006406 -0.002806 -0.999975 0.000339
1646305769.751232 4.450278 -7.989204 0.091179 0.007722 -0.002556 -0.999961 0.003465
1646305770.251219 4.422633 -8.105875 0.097427 0.007741 -0.002425 -0.999960 0.003669
1646305770.326216 4.449872 -8.108944 0.101238 0.008002 -0.002254 -0.999960 0.003313
1646305770.401213 4.474783 -8.105744 0.104372 0.007787 -0.002226 -0.999960 0.003676
1646305770.501209 4.490430 -8.092351 0.104775 0.007724 -0.002215 -0.999963 0.003107
1646305770.751200 4.491834 -8.072132 0.103766 0.007751 -0.002326 -0.999961 0.003500
1646305770.851196 4.469121 -8.077540 0.101179 0.007772 -0.002343 -0.999958 0.004143
1646305771.601168 4.339074 -8.089907 0.090768 0.007819 -0.002542 -0.999961 0.003346
1646305772.451135 4.224223 -8.121941 0.091723 0.007883 -0.002399 -0.999962 0.002783
1646305773.101110 4.109208 -8.148244 -0.287962 0.000361 0.002080 -0.999513 0.031122
1646305774.026075 3.972845 -8.295098 -0.571975 0.029864 0.021550 0.999304 0.005979
1646305774.251067 4.022403 -8.388466 -0.597010 0.013524 0.030313 0.999388 0.011075
1646305775.051036 4.256061 -8.918308 -0.653208 -0.001577 -0.006391 -0.999803 0.018749
1646305775.751009 4.302612 -9.086838 -0.667848 -0.003465 -0.032494 -0.960776 0.275394
1646305776.200992 4.344301 -9.097681 -0.640115 -0.014653 -0.043776 -0.818197 0.573082
1646305776.975963 4.898568 -9.209983 -0.644794 -0.049518 0.002399 -0.680068 0.731471
1646305777.150956 5.088655 -9.245098 -0.677602 -0.081350 0.034218 -0.600848 0.794477
1646305777.250952 5.212197 -9.268706 -0.703431 -0.095347 0.044660 -0.547589 0.830097
1646305777.375947 5.365698 -9.294762 -0.736156 -0.105064 0.059182 -0.475604 0.871355
1646305777.750933 5.799826 -9.380292 -0.772828 -0.095542 0.064505 -0.369917 0.921885
1646305777.850929 5.899173 -9.420374 -0.779464 -0.091541 0.058120 -0.342340 0.933298
1646305777.950926 5.998403 -9.460162 -0.782002 -0.086944 0.065774 -0.309707 0.944561
1646305778.275911 6.391961 -9.580412 -0.789216 -0.057106 0.030778 -0.169739 0.983352
1646305778.800891 7.123105 -9.700733 -0.839835 -0.031045 0.033858 -0.075323 0.996101
1646305779.650858 8.306471 -9.914480 -0.828818 -0.027236 -0.066583 -0.008655 0.997372
1646305780.050843 8.739802 -10.164623 -0.782045 -0.133607 -0.108710 -0.097557 0.980211
1646305780.300834 8.968215 -10.389353 -0.746944 -0.239426 -0.123888 -0.189662 0.944116
1646305780.650820 9.191652 -10.761558 -0.695877 -0.273994 -0.085223 -0.418440 0.861726
1646305781.200799 9.335529 -11.355332 -0.701096 -0.311896 0.026383 -0.631674 0.709234
1646305781.700780 9.361665 -11.911359 -0.735539 -0.263710 0.046918 -0.719635 0.640610
1646305782.050765 9.349385 -12.292838 -0.735430 -0.252568 0.069136 -0.721161 0.641371
1646305782.250757 9.369014 -12.502459 -0.732300 -0.257517 0.059045 -0.717763 0.644217
1646305782.400751 9.384689 -12.674111 -0.732088 -0.234845 0.061476 -0.717340 0.653064
1646305783.300716 9.346748 -13.801899 -0.734847 -0.235327 0.062487 -0.704359 0.666780
1646305783.850695 9.321902 -14.487530 -0.762274 -0.090533 -0.029393 -0.743359 0.662085
1646305783.950691 9.330562 -14.604058 -0.773042 -0.034290 -0.066634 -0.731665 0.677533
1646305784.150684 9.363734 -14.813067 -0.784460 0.074695 -0.175562 -0.699344 0.688852
1646305784.250680 9.385906 -14.904785 -0.795147 0.130985 -0.190065 -0.686205 0.689813
1646305784.375675 9.421669 -15.015824 -0.798913 0.197002 -0.193083 -0.666532 0.692563
1646305784.650665 9.495792 -15.263149 -0.780240 0.223694 -0.206230 -0.643219 0.702637
1646305785.550630 9.588246 -15.685850 -0.376133 0.111464 0.080104 -0.582908 0.800860
1646305785.675625 9.597057 -15.689284 -0.326553 0.120900 0.110891 -0.596129 0.785949
1646305785.975614 9.652473 -15.751473 -0.228835 0.086817 0.085631 -0.561947 0.818136
1646305786.950579 9.738834 -15.883160 0.099434 0.013226 0.046818 -0.519958 0.852805
1646305787.300566 9.750723 -15.894078 0.155412 0.012584 0.041817 -0.517077 0.854824
1646305787.475559 9.755108 -15.895532 0.176702 0.007492 0.035699 -0.511472 0.858525
1646305787.600554 9.760738 -15.893451 0.175871 0.002634 0.039212 -0.513861 0.856973
1646305788.525519 9.774250 -15.898956 0.179816 0.005941 0.008099 -0.508936 0.860746
1646305789.200493 9.764486 -15.919475 0.205065 0.006781 -0.002196 -0.504471 0.863399
1646305789.300489 9.774252 -15.910597 0.200443 0.006024 -0.002503 -0.504175 0.863577
1646305789.800470 9.799824 -15.884150 0.216796 0.007523 -0.002113 -0.500803 0.865526
1646305790.825438 9.794606 -15.883091 0.242091 0.007459 -0.002113 -0.501482 0.865133
1646305791.850399 9.766349 -15.914143 0.226348 0.007540 -0.001878 -0.503116 0.864184
1646305792.200386 9.779308 -15.909910 0.200598 0.006914 -0.002086 -0.503258 0.864106
1646305792.550373 9.789971 -15.899779 0.182907 0.006572 -0.002182 -0.503265 0.864104
1646305793.400341 9.772616 -15.899523 0.173210 0.006475 -0.002125 -0.503239 0.864120
1646305793.700330 9.765878 -15.905820 0.187055 0.006224 -0.002141 -0.503223 0.864132
1646305794.250309 9.762658 -15.912820 0.206357 0.006368 -0.002082 -0.503251 0.864114
1646305794.375305 9.764960 -15.902897 0.191358 0.006099 -0.002272 -0.503281 0.864098
1646305795.300273 9.748294 -15.879512 0.134962 0.006360 -0.002211 -0.503306 0.864082
1646305795.475266 9.758946 -15.902496 0.184349 0.006150 -0.002295 -0.503304 0.864084
1646305796.850215 9.135363 -15.550088 -0.538249 0.035129 0.001441 -0.990469 0.133171
1646305797.350196 8.702413 -15.022377 -0.492346 -0.061452 0.030544 0.980416 0.184592
1646305798.175165 7.790445 -14.390683 -0.587778 -0.026182 0.044132 0.968271 0.244579
1646305798.950136 7.031434 -13.987556 -0.805902 -0.053688 0.045336 0.949382 0.306162
1646305799.550117 6.303560 -13.969381 -0.737696 -0.159594 0.031898 0.981456 0.101275
1646305800.550080 5.068935 -13.557880 -0.739432 -0.093739 0.013919 0.987222 0.128106
1646305800.850069 4.700471 -13.401671 -0.796017 -0.051238 -0.023640 0.982489 0.177572
1646305800.950066 4.577416 -13.366733 -0.826594 -0.133605 -0.027972 0.971693 0.192822
1646305801.100060 4.407301 -13.316099 -0.859286 -0.173030 -0.091283 0.959496 0.202722
1646305802.050025 3.823555 -12.606278 -0.777158 -0.119244 0.090716 0.797831 0.583967
1646305802.850000 3.153344 -11.841964 -0.776099 -0.045098 0.049355 0.826270 0.559293
1646305803.249986 2.653186 -11.560793 -0.813444 -0.132419 0.131168 0.919618 0.345778
1646305804.249949 1.857434 -10.687549 -0.740264 -0.162618 0.034001 0.871880 0.460678
1646305805.199915 1.437874 -10.119570 -0.721794 -0.028820 0.009023 0.863018 0.504270
1646305805.499904 1.272156 -10.145837 -0.786387 -0.180992 0.045963 0.909947 0.370305
1646305806.424875 1.255830 -9.851364 -0.124341 -0.050888 -0.013416 0.893890 0.445186
1646305807.124849 1.140679 -9.702712 0.225348 -0.025844 0.004609 0.829026 0.558594
1646305807.474836 1.121861 -9.685194 0.242809 -0.012872 -0.002919 0.829318 0.558621
1646305808.299805 1.106697 -9.670190 0.256547 0.017126 -0.008329 0.831356 0.555413
1646305808.599794 1.130639 -9.697880 0.270686 0.019908 -0.014331 0.828543 0.559387
1646305808.849785 1.140573 -9.710064 0.281783 0.017002 -0.013142 0.831576 0.554995
1646305809.649755 1.140228 -9.718379 0.303709 0.009030 -0.013959 0.830924 0.556137
1646305810.199735 1.119057 -9.704710 0.289679 -0.004240 -0.006136 0.835237 0.549839
1646305810.649718 1.118470 -9.693512 0.281455 -0.013919 -0.002294 0.834328 0.551088
1646305810.799713 1.142580 -9.706236 0.287828 -0.013575 -0.002368 0.834384 0.551011
1646305811.349693 1.167237 -9.712048 0.298664 -0.013887 -0.001707 0.834425 0.550945
1646305811.424690 1.145157 -9.709581 0.291407 -0.013915 -0.002029 0.834308 0.551119
1646305812.424653 0.982630 -9.695673 0.264234 -0.014267 -0.002036 0.834369 0.551019
1646305813.299620 0.985917 -9.694183 0.279013 -0.014468 -0.002011 0.834287 0.551137
1646305813.574610 1.094603 -9.706231 0.293921 -0.014527 -0.002023 0.834279 0.551147
1646305813.849600 1.192813 -9.713314 0.303694 -0.014332 -0.002067 0.834336 0.551066
1646305814.149589 1.231484 -9.709923 0.300282 -0.014358 -0.001819 0.834317 0.551095
1646305814.799565 1.175711 -9.694996 0.286552 -0.014441 -0.001811 0.834390 0.550982
1646305815.024557 1.107100 -9.703329 0.290537 -0.014480 -0.001981 0.834347 0.551045
1646305815.549537 0.964287 -9.867001 -0.015003 0.062612 0.062915 0.906429 0.412927
1646305816.399508 0.457291 -10.240112 -0.625900 -0.037284 -0.226118 0.969875 0.082607
1646305816.699497 0.269334 -10.148246 -0.682077 -0.130588 -0.357074 0.902807 0.200958
1646305816.949488 0.228941 -9.958668 -0.658777 -0.242698 -0.341444 0.801155 0.427392
1646305817.099483 0.260251 -9.873965 -0.658810 -0.318063 -0.358662 0.676299 0.559300
1646305817.999449 0.308879 -9.371097 -0.682178 -0.326348 -0.183666 0.414055 0.829652
1646305818.549429 0.296635 -8.921084 -0.716490 -0.331739 -0.077555 0.241865 0.908535
1646305818.874417 0.212878 -8.551331 -0.715117 -0.303039 -0.107111 0.263551 0.909525
1646305818.999412 0.195119 -8.425614 -0.708408 -0.315690 -0.090954 0.253598 0.909810
1646305819.199405 0.151737 -8.223130 -0.703837 -0.355057 -0.100853 0.190327 0.909692
1646305819.499394 0.111723 -7.891770 -0.740848 -0.190256 -0.052485 0.202021 0.959289
1646305820.349364 -0.193528 -6.832904 -0.788553 0.218911 0.105431 0.458437 0.854867
1646305820.824347 -0.201827 -6.304492 -0.816105 -0.185006 -0.057848 0.474469 0.858665
1646305821.099336 -0.215611 -5.989662 -0.892300 -0.128628 0.135367 0.531192 0.826417
1646305821.224332 -0.252167 -5.867631 -0.891831 -0.120603 0.131892 0.531654 0.827891
1646305821.924306 -0.238408 -5.140073 -0.853285 -0.099237 0.008582 0.441554 0.891689
1646305822.049302 -0.258009 -5.031784 -0.876648 -0.074797 0.097221 0.470750 0.873698
1646305822.899271 -0.539979 -4.460763 -0.818363 -0.074323 0.012154 0.867643 0.491451
1646305823.549247 -0.789401 -4.411848 -0.835907 -0.056334 0.002635 0.964007 0.259827
1646305823.949233 -1.066292 -4.307954 -0.840044 -0.016260 0.026771 0.979641 0.198297
1646305824.024230 -1.136759 -4.298050 -0.846465 -0.020322 0.011283 0.984790 0.172189
1646305824.149225 -1.228372 -4.276039 -0.863518 -0.041802 0.000666 0.990800 0.128718
1646305824.399216 -1.438221 -4.280549 -0.877933 -0.040034 0.022684 0.996637 0.067803
1646305825.349179 -2.470886 -4.087517 -0.903332 -0.076473 -0.061553 0.993522 0.057242
1646305826.224147 -3.465885 -3.995502 -0.898314 -0.009948 0.020268 0.999392 0.026581
1646305826.624132 -3.801849 -4.043933 -0.898589 -0.038141 0.017462 0.998753 0.027069
1646305827.249110 -4.157925 -4.140638 -0.959295 0.015395 -0.029634 -0.982859 0.181308
1646305827.399104 -4.222158 -4.167423 -0.974710 0.014321 -0.023022 -0.960159 0.278138
1646305827.899086 -4.520429 -4.238065 -0.991068 0.016893 -0.040716 -0.874237 0.483494
1646305827.999082 -4.583397 -4.243678 -0.995410 0.030963 -0.044099 -0.854579 0.516519
1646305828.274072 -4.771505 -4.267965 -1.005197 0.026662 -0.034659 -0.803615 0.593541
1646305828.349070 -4.811735 -4.275473 -1.014642 0.013462 -0.035426 -0.789565 0.612496
1646305828.499064 -4.881924 -4.274238 -1.020184 0.020939 -0.026972 -0.762476 0.646115
1646305829.474022 -5.481057 -4.239930 -1.043280 0.033303 -0.026724 -0.744373 0.666398
1646305830.248993 -5.710950 -4.305996 -1.033538 0.020324 0.001370 -0.806583 0.590770
1646305830.648978 -5.938138 -4.280108 -1.034352 0.035740 0.016443 -0.872368 0.487265
1646305831.598942 -6.313349 -4.161944 -0.767574 0.055382 0.035103 -0.986659 0.149009
1646305831.698939 -6.309319 -4.179857 -0.668923 0.055802 0.028970 -0.987657 0.143456
1646305831.948929 -6.301995 -4.213512 -0.403752 0.062982 0.013304 -0.989835 0.126822
1646305832.023926 -6.295431 -4.221453 -0.337199 0.065547 0.007542 -0.991164 0.115065
1646305832.098924 -6.292436 -4.227947 -0.279800 0.062245 0.004450 -0.991919 0.110464
1646305832.198920 -6.287585 -4.236852 -0.220151 0.064776 -0.000032 -0.991716 0.110918
1646305832.498909 -6.283952 -4.247508 -0.101129 0.054967 -0.002710 -0.995199 0.080933
1646305833.298881 -6.306540 -4.214896 0.001490 0.013766 -0.015200 -0.997485 0.067845
1646305833.798863 -6.349867 -4.209373 -0.002371 0.005066 -0.013858 -0.996827 0.078219
1646305834.598833 -6.366785 -4.205580 -0.034036 0.004333 -0.008325 -0.996066 0.088120
1646305834.823824 -6.326485 -4.221445 -0.035721 0.005147 -0.007176 -0.995936 0.089625
1646305834.898821 -6.312750 -4.225770 -0.034949 0.004921 -0.007089 -0.995980 0.089161
1646305835.648793 -6.262304 -4.217638 -0.021733 0.009711 -0.001005 -0.995685 0.092281
1646305836.098777 -6.310485 -4.209228 0.005636 0.007667 -0.002420 -0.995242 0.097097
1646305836.198773 -6.325170 -4.210639 0.010346 0.007404 -0.001984 -0.995314 0.096390
1646305836.323768 -6.333825 -4.217598 0.007535 0.008062 -0.001405 -0.995365 0.095821
1646305836.473763 -6.331231 -4.222522 0.004348 0.007943 -0.001179 -0.995359 0.095896
1646305836.598758 -6.314524 -4.231855 0.000706 0.008344 -0.001280 -0.995096 0.098553
1646305836.873748 -6.292948 -4.239418 0.008002 0.008715 -0.002478 -0.995121 0.098244
1646305837.748718 -6.298310 -4.242231 0.023487 0.008779 0.001042 -0.995196 0.097498
1646305838.098705 -6.322261 -4.229169 0.005393 0.010393 0.001647 -0.995189 0.097407
1646305838.798679 -6.340033 -4.212565 -0.020421 0.012182 -0.000107 -0.995130 0.097818
1646305839.048670 -6.309716 -4.223932 -0.001957 0.010761 0.001232 -0.995242 0.096835
1646305839.123667 -6.303732 -4.231878 0.004130 0.010508 0.001685 -0.995184 0.097443
1646305839.348659 -6.293201 -4.237559 0.014437 0.010412 0.001146 -0.995206 0.097242
1646305839.548652 -6.304881 -4.234960 0.007273 0.010433 0.001605 -0.995210 0.097185
1646305839.623649 -6.307210 -4.231829 0.003173 0.010321 0.001772 -0.995209 0.097207
1646305840.598613 -6.336126 -4.205829 -0.024596 0.011533 0.000077 -0.995145 0.097738
1646305841.048596 -6.315516 -4.226321 -0.002971 0.011362 0.000977 -0.995166 0.097542
1646305841.198591 -6.298723 -4.235307 0.006471 0.010346 0.001674 -0.995214 0.097155
1646305841.973562 -6.167938 -4.202432 -0.835292 0.161629 0.026040 -0.985786 0.037725
1646305842.098557 -6.171376 -4.185305 -1.002628 -0.233502 0.010991 0.971186 0.046402
1646305842.548541 -6.042547 -4.051443 -1.271419 -0.177180 0.180212 0.869523 0.424334
1646305842.798532 -5.895815 -3.924311 -1.270916 -0.114851 0.259329 0.768749 0.573222
1646305843.173518 -5.680942 -3.664073 -1.240968 -0.009875 0.293749 0.577957 0.761301
1646305843.348511 -5.563972 -3.535755 -1.254083 0.037717 0.299223 0.469129 0.830037
1646305843.548504 -5.413368 -3.432051 -1.295954 0.050374 0.296935 0.353702 0.885544
1646305843.748497 -5.276808 -3.355564 -1.311649 0.072604 0.322823 0.302228 0.893964
1646305844.648463 -4.550457 -3.245620 -1.349819 0.223608 0.406041 -0.068123 0.883453
1646305845.298439 -3.959556 -3.522799 -1.351803 0.247563 0.356130 -0.156265 0.887392
1646305845.498432 -3.829743 -3.566665 -1.369067 0.221669 0.350110 -0.196390 0.888660
1646305845.898417 -3.577443 -3.648275 -1.382176 0.189222 0.323848 -0.233315 0.897152
1646305845.998413 -3.493242 -3.703975 -1.370418 0.158030 0.328159 -0.215092 0.906131
1646305846.173407 -3.343845 -3.795239 -1.356248 0.095693 0.297656 -0.110378 0.943430
1646305846.348400 -3.206538 -3.832441 -1.360794 -0.050880 0.244495 0.067574 0.965954
1646305846.848382 -2.734949 -3.780135 -1.305238 -0.264437 0.166629 0.216155 0.924978
1646305847.823346 -1.800283 -3.329240 -1.219169 -0.052248 0.100514 0.105424 0.987954
1646305848.148334 -1.675075 -3.046905 -1.134050 0.105806 0.125710 0.292173 0.942145
1646305848.248330 -1.633525 -2.978878 -1.115984 0.083605 0.112333 0.353582 0.924863
1646305848.648315 -1.344535 -2.781615 -1.160006 -0.185421 -0.069084 0.467488 0.861569
1646305849.648276 -0.750520 -2.219972 -1.085054 0.020993 0.075966 0.590306 0.803323
1646305849.898267 -0.770815 -2.105720 -1.084482 0.023875 0.086671 0.709337 0.699113
1646305850.198256 -0.829282 -1.969395 -1.078601 0.000171 0.075024 0.778260 0.623444
1646305850.298252 -0.822223 -1.914243 -1.078619 -0.006222 0.068326 0.798932 0.597495
1646305850.573242 -0.803574 -1.787758 -1.056983 -0.021440 0.062356 0.885664 0.459621
1646305851.548206 -0.753406 -1.358255 -1.029462 -0.013550 0.056413 0.998258 0.010745
1646305851.673201 -0.756093 -1.225101 -1.021510 0.023860 -0.069672 -0.995995 0.050702
1646305852.598167 -1.117709 -0.658664 -1.135196 -0.013362 -0.043899 -0.927132 0.371915
1646305852.948154 -1.267843 -0.597015 -1.143696 -0.023445 -0.053537 -0.859221 0.508256
1646305853.248143 -1.402443 -0.630443 -1.161538 -0.067213 -0.066646 -0.785501 0.611579
1646305853.348139 -1.451208 -0.655899 -1.168223 -0.066782 -0.068338 -0.768746 0.632377
1646305853.448136 -1.519535 -0.669384 -1.164978 -0.077144 -0.080193 -0.753844 0.647563
1646305853.648128 -1.671245 -0.690598 -1.155046 -0.052696 -0.079118 -0.737790 0.668303
1646305854.498097 -2.313036 -0.780074 -1.187805 -0.052252 -0.115285 -0.638559 0.759093
1646305854.848084 -2.521597 -0.827292 -1.180014 -0.067828 -0.089976 -0.643929 0.756742
1646305854.948081 -2.596593 -0.847311 -1.168146 -0.079745 -0.090807 -0.665234 0.736789
1646305855.048077 -2.683869 -0.867655 -1.157524 -0.082985 -0.101184 -0.693668 0.708307
1646305855.198071 -2.834304 -0.884658 -1.160775 -0.102783 -0.087160 -0.735234 0.664281
1646305855.298068 -2.933627 -0.885889 -1.172289 -0.089473 -0.075618 -0.763950 0.634552
1646305855.548059 -3.143200 -0.843011 -1.192890 -0.054390 -0.062543 -0.829926 0.551681
1646305855.948044 -3.429881 -0.625230 -1.203457 -0.038513 -0.016098 -0.973540 0.224670
1646305856.798013 -2.565187 0.065616 -1.190951 0.036477 -0.012540 0.405679 0.913201
1646305857.197998 -2.401276 -0.339220 -1.207819 0.028440 0.000522 -0.253632 0.966883
1646305857.747978 -3.108097 -0.288453 -1.204790 0.049284 -0.028679 -0.960271 0.273181
1646305858.047967 -3.107629 0.149614 -1.220789 -0.040896 0.026533 0.965230 0.256815
1646305858.447953 -2.513500 0.285790 -1.138787 -0.030439 -0.019071 0.598695 0.800171
1646305859.372918 -1.489594 0.101423 -1.067909 0.094240 -0.032856 0.084207 0.991438
1646305859.447916 -1.422544 0.131135 -1.077005 0.058980 -0.044171 0.076260 0.994361
1646305859.572911 -1.323352 0.175362 -1.080018 0.009689 -0.050707 0.069575 0.996240
1646305859.997895 -0.978902 0.301130 -1.027325 -0.068649 -0.056878 0.123125 0.988379
1646305860.097892 -0.917653 0.307793 -1.007881 -0.063194 -0.043085 0.129414 0.988637
1646305860.197888 -0.853308 0.318742 -0.980546 -0.043591 -0.036988 0.133731 0.989367
1646305860.372882 -0.712536 0.353533 -0.918035 0.007778 -0.022648 0.132075 0.990950
1646305860.747868 -0.387861 0.357940 -0.666761 0.023671 0.014116 0.050423 0.998348
1646305861.647832 -0.012107 0.273579 0.091022 0.039490 0.003175 0.010785 0.999157
1646305862.022819 -0.021889 0.289923 0.201410 0.023208 -0.017301 0.031760 0.999076
1646305862.597798 -0.058187 0.289342 0.222650 0.008090 -0.006907 0.039396 0.999167
1646305862.947785 -0.035988 0.299496 0.242048 0.006474 -0.019550 0.035352 0.999163
1646305863.147778 -0.016568 0.299704 0.247774 0.005661 -0.025650 0.034058 0.999075
1646305863.997746 0.006106 0.279427 0.280714 -0.006452 -0.008452 0.033029 0.999398
1646305864.647722 -0.025786 0.290106 0.270475 -0.001369 -0.002732 0.046645 0.998907
1646305865.122700 -0.045386 0.298752 0.244862 -0.001399 -0.002855 0.043096 0.999066
1646305865.197697 -0.039105 0.296848 0.245932 -0.001273 -0.003027 0.042848 0.999076
1646305865.297693 -0.027928 0.295295 0.254012 -0.001190 -0.002744 0.042802 0.999079
1646305865.397689 -0.024623 0.294860 0.257467 -0.001297 -0.002676 0.042768 0.999081
1646305866.397652 -0.004197 0.300819 0.269299 -0.001182 -0.002380 0.042561 0.999090
1646305866.747639 -0.026718 0.297744 0.252290 -0.001228 -0.002417 0.042698 0.999084
1646305867.372615 -0.050490 0.293352 0.234407 -0.001251 -0.002369 0.042637 0.999087
1646305867.747601 -0.033755 0.295465 0.248317 -0.001206 -0.002365 0.042654 0.999086
