# timestamp tx ty tz qx qy qz qw
1646305719.753225 -0.000232 0.011743 -0.000116 -0.000578 0.000160 0.000021 1.000000
1646305720.253206 -0.001146 0.004636 -0.000539 -0.000193 0.000248 -0.000033 1.000000
1646305721.203172 -0.008334 -0.003537 -0.003960 -0.000317 0.000308 -0.000049 1.000000
1646305722.153136 -0.009835 0.003255 -0.001866 -0.000300 0.000275 -0.000003 1.000000
1646305722.953105 -0.000558 0.008857 0.000588 -0.000322 0.000251 -0.000022 1.000000
1646305723.353090 0.002062 0.007526 0.000358 -0.000382 0.000124 -0.000072 1.000000
1646305724.003066 0.017824 0.020389 -0.275845 0.028251 0.011995 0.004909 0.999517
1646305724.253053 0.061485 0.185703 -0.639776 0.168045 0.026770 0.127426 0.977142
1646305724.328050 0.082405 0.244414 -0.719638 0.188511 0.046278 0.144078 0.970342
1646305725.353011 0.668273 1.446670 -0.958538 -0.421182 -0.116793 0.268604 0.858380
1646305725.603001 1.018451 1.436910 -0.921453 -0.237911 -0.013130 0.107725 0.965205
1646305726.152980 1.717976 1.696086 -1.038485 0.171106 0.140961 0.166049 0.960875
1646305726.452969 2.067621 2.014805 -0.980646 0.065833 0.026964 0.260937 0.962731
1646305727.302937 3.011979 2.909668 -0.963743 -0.128638 -0.029297 0.251045 0.958942
1646305727.902914 3.651029 3.142347 -0.901362 0.007336 -0.049821 0.109051 0.992760
1646305728.452884 4.291437 3.126152 -0.889315 0.026311 -0.012459 0.024659 0.999272
1646305729.202854 5.239588 3.267587 -0.954294 -0.236097 0.006399 0.085505 0.967939
1646305729.352848 5.463675 3.208870 -0.942684 -0.275648 -0.000465 -0.018069 0.961089
1646305729.502842 5.676426 3.156019 -0.913160 -0.290229 0.013497 -0.066267 0.954565
1646305729.577839 5.785039 3.132069 -0.907788 -0.276758 -0.012357 -0.058183 0.959097
1646305729.802830 6.083268 3.092801 -0.933275 -0.172219 0.011526 -0.017475 0.984836
1646305729.952825 6.286668 3.088429 -0.918855 -0.087331 0.051101 0.040239 0.994054
1646305730.027822 6.393142 3.075529 -0.910260 -0.048906 0.040049 0.053080 0.996588
1646305730.102818 6.502860 3.046888 -0.910974 -0.030525 0.021910 0.039398 0.998517
1646305730.352809 6.818103 2.877653 -0.921067 -0.055221 0.028258 -0.072156 0.995463
1646305730.652797 7.045494 2.496084 -0.930515 -0.032337 0.027134 -0.386554 0.921300
1646305731.402767 6.911841 2.962945 -0.917982 -0.032307 -0.005487 0.910614 0.411956
1646305731.602759 7.363806 3.127901 -0.919671 -0.040845 0.019055 0.669202 0.741713
1646305732.502719 8.534931 3.288440 -0.862084 -0.048397 0.136595 0.219950 0.964687
1646305732.677712 8.641663 3.333007 -0.694292 -0.042841 0.092068 0.242020 0.964943
1646305733.702672 8.764615 3.427568 0.059852 -0.001658 0.027911 0.150729 0.988180
1646305733.802668 8.789706 3.456713 0.063300 0.004485 0.018701 0.147491 0.988876
1646305734.452642 8.920715 3.601133 0.048211 0.005207 0.000800 0.155175 0.987873
1646305734.527639 8.914561 3.575833 0.064509 0.005169 -0.001963 0.153150 0.988187
1646305734.677633 8.870677 3.530209 0.078962 0.007183 -0.002979 0.154679 0.987934
1646305734.852626 8.829285 3.481556 0.086699 0.008463 -0.005830 0.153735 0.988059
1646305734.977621 8.819823 3.491025 0.080267 0.009251 -0.007968 0.153731 0.988037
1646305735.052618 8.822426 3.494299 0.077690 0.008889 -0.007130 0.154087 0.987992
1646305735.127615 8.836581 3.510409 0.079529 0.008888 -0.006382 0.153587 0.988075
1646305735.252610 8.849830 3.526031 0.080961 0.008793 -0.006143 0.153685 0.988062
1646305735.352606 8.855999 3.532919 0.083482 0.008909 -0.008921 0.153706 0.988036
1646305735.452602 8.855972 3.534151 0.085231 0.008432 -0.007989 0.153242 0.988120
1646305735.602596 8.850810 3.534691 0.086608 0.006919 -0.003890 0.154466 0.987966
1646305735.752590 8.853446 3.526307 0.087759 0.004301 -0.001730 0.153768 0.988096
1646305736.702544 8.839226 3.515954 0.093852 -0.003895 0.001254 0.153995 0.988063
1646305737.002533 8.841122 3.528844 0.091000 -0.004082 0.001340 0.155519 0.987824
1646305737.902497 8.844963 3.554894 0.081617 -0.003956 0.001518 0.155800 0.987780
1646305738.202485 8.847525 3.530878 0.087903 -0.004028 0.001595 0.155763 0.987785
1646305738.652468 8.850992 3.505337 0.095748 -0.004038 0.001504 0.155746 0.987788
1646305739.502432 8.841899 3.516801 0.096888 -0.003845 0.001371 0.155684 0.987798
1646305740.002412 8.841675 3.538711 0.088707 -0.003990 0.001395 0.155693 0.987797
1646305740.502393 8.846977 3.542126 0.084996 -0.004034 0.001390 0.155785 0.987782
1646305741.427356 8.850373 3.535713 0.086805 -0.003895 0.001442 0.155739 0.987789
1646305742.352320 8.844458 3.536107 0.093046 -0.003890 0.001403 0.155780 0.987783
1646305742.577311 8.844217 3.532560 0.090448 -0.004096 0.001412 0.155782 0.987782
1646305743.002294 8.847004 3.523767 0.087917 -0.004032 0.001372 0.155773 0.987784
1646305743.452269 8.848779 3.523852 0.090060 -0.004002 0.001356 0.155730 0.987791
1646305744.452228 8.842082 3.548250 0.093215 -0.003978 0.001264 0.155824 0.987776
1646305745.077202 8.839043 3.547190 0.090941 -0.003982 0.001304 0.155760 0.987786
1646305745.177198 8.844731 3.536602 0.091029 -0.004056 0.001324 0.155880 0.987767
1646305745.652179 8.796006 3.370323 -0.232906 -0.068467 -0.031659 0.062932 0.995163
1646305745.752175 8.784400 3.361137 -0.379021 -0.064209 -0.035507 0.045179 0.996281
1646305745.852170 8.775415 3.343396 -0.502813 -0.064565 -0.013689 0.000661 0.997819
1646305745.927167 8.775350 3.323421 -0.572166 -0.066926 0.004532 -0.039417 0.996969
1646305746.202156 8.788747 3.250559 -0.699894 -0.055801 0.055652 -0.199702 0.976682
1646305746.327151 8.793635 3.207581 -0.718173 -0.051532 0.052453 -0.307161 0.948813
1646305747.302114 8.754078 2.516478 -0.762821 0.020155 0.014761 -0.681939 0.730982
1646305747.402110 8.761941 2.464687 -0.773643 0.019608 0.004679 -0.697494 0.716307
1646305748.402069 8.825877 1.517768 -0.816965 0.061320 -0.017193 -0.689857 0.721139
1646305748.802052 8.883123 0.951781 -0.797748 0.033553 -0.001058 -0.697529 0.715769
1646305749.852009 8.951867 -0.633378 -0.748979 0.025215 -0.008748 -0.714388 0.699241
1646305750.101999 8.924315 -0.949819 -0.789107 0.012849 -0.038483 -0.693547 0.719268
1646305750.251993 8.911658 -1.091161 -0.807586 0.017709 -0.018956 -0.683016 0.729942
1646305750.851968 8.902813 -1.839878 -0.869164 -0.082664 0.075297 -0.671528 0.732494
1646305751.851937 8.995036 -3.212821 -0.870664 -0.019022 -0.010532 -0.664648 0.746840
1646305752.351917 9.149837 -3.827770 -0.855180 0.197017 -0.164463 -0.592323 0.763735
1646305752.501911 9.205548 -4.017025 -0.855461 0.144718 -0.161054 -0.605343 0.765949
1646305752.651906 9.233737 -4.172325 -0.872687 0.104890 -0.145757 -0.604845 0.775832
1646305752.751902 9.244016 -4.291872 -0.880278 0.070835 -0.101761 -0.606040 0.785712
1646305753.401876 9.167820 -5.098038 -0.907621 -0.134777 0.182117 -0.660661 0.715678
1646305753.601869 9.091241 -5.332213 -0.896206 -0.192814 0.231522 -0.724156 0.620337
1646305753.801861 8.924895 -5.488278 -0.862430 -0.211377 0.347700 -0.773970 0.485175
1646305754.801822 7.674715 -5.495174 -0.793136 -0.002140 -0.303472 0.942009 0.143246
1646305755.351800 6.807496 -5.362619 -0.856803 -0.037184 -0.156376 0.979862 0.118465
1646305756.101769 5.551922 -5.275713 -0.910104 -0.007930 -0.059305 0.997297 0.042650
1646305756.351759 5.136344 -5.341884 -0.897415 0.027756 0.035972 -0.998884 0.012928
1646305756.851740 4.380601 -5.452353 -0.891673 0.023701 0.041050 -0.997750 0.047422
1646305757.176727 3.982709 -5.535263 -0.919953 0.021303 0.008981 -0.996256 0.083305
1646305757.251724 3.913002 -5.554442 -0.923751 0.034397 -0.001215 -0.995835 0.084431
1646305757.376719 3.788898 -5.575401 -0.921210 0.040661 0.001848 -0.996560 0.072187
1646305757.551713 3.639661 -5.616563 -0.921575 0.034197 -0.046971 -0.996161 0.065478
1646305758.526675 3.383471 -5.837744 -0.797722 -0.092247 -0.070821 -0.889906 0.441069
1646305759.451639 3.457129 -5.998954 -0.859871 0.265901 -0.360049 -0.734337 0.510304
1646305759.851623 3.679058 -6.076783 -0.759844 0.246502 -0.376136 -0.665130 0.596122
1646305760.251604 3.975542 -6.187623 -0.767631 0.268346 -0.330601 -0.592253 0.684054
1646305760.451596 4.099178 -6.194985 -0.764731 0.278468 -0.304509 -0.560221 0.718249
1646305760.751584 4.280568 -6.308551 -0.777156 0.253255 -0.278754 -0.521841 0.765402
1646305760.901578 4.374325 -6.423590 -0.775804 0.255060 -0.271266 -0.517408 0.770486
1646305761.051572 4.453365 -6.590177 -0.789197 0.220780 -0.248570 -0.551701 0.764915
1646305761.951537 4.624410 -7.636596 -0.911012 -0.149166 0.204738 -0.708841 0.658313
1646305762.451517 4.368097 -7.941480 -0.879395 -0.107819 0.299047 -0.869956 0.376991
1646305762.601511 4.260174 -7.975005 -0.820348 -0.112386 0.313883 -0.893159 0.301849
1646305762.851501 4.120812 -7.999773 -0.722265 -0.089870 0.188140 -0.963406 0.168452
1646305763.076493 4.022374 -8.037558 -0.660061 -0.045506 0.087582 -0.992480 0.072402
1646305763.751466 3.726618 -8.169830 -0.451108 0.111761 -0.026129 -0.992606 0.039493
1646305764.201448 3.596779 -8.194940 -0.129559 -0.068229 0.012027 0.997229 0.027101
1646305764.301444 3.599629 -8.176713 -0.072886 -0.065521 0.009358 0.996408 0.052823
1646305764.501436 3.627051 -8.148890 0.010967 -0.071799 -0.003243 0.997058 0.026646
1646305765.401401 3.598591 -8.134430 0.106884 0.034704 0.013535 -0.999173 0.016284
1646305765.601393 3.585411 -8.156868 0.090381 0.031540 0.004189 -0.999394 0.014085
1646305766.201372 3.538460 -8.204428 0.055990 0.014423 -0.008932 -0.999847 0.004174
1646305766.651354 3.539213 -8.178410 0.080858 -0.006406 0.005526 0.999963 0.001411
1646305766.951343 3.581119 -8.141206 0.106045 0.006930 -0.004535 -0.999963 0.002413
1646305767.501321 3.627379 -8.121372 0.119017 0.007582 -0.002983 -0.999962 0.003244
1646305768.051299 3.591754 -8.160682 0.100306 0.007905 -0.003100 -0.999962 0.002180
1646305768.901266 3.482165 -8.220227 0.072069 0.008969 -0.002902 -0.999955 0.001385
1646305769.301250 3.502309 -8.185296 0.087842 0.008520 -0.002841 -0.999959 0.001090
1646305769.401246 3.530281 -8.162381 0.094846 0.008457 -0.002770 -0.999960 0.000603
1646305769.701234 3.592520 -8.126566 0.104020 0.008266 -0.002897 -0.999961 0.001035
1646305770.451211 3.637493 -8.118578 0.107927 0.008181 -0.002982 -0.999961 0.001436
1646305770.601206 3.622461 -8.137957 0.099383 0.008206 -0.002855 -0.999960 0.001878
1646305770.676203 3.611752 -8.147386 0.096104 0.008252 -0.002867 -0.999960 0.001825
1646305771.701164 3.438699 -8.258070 0.067639 0.008271 -0.003137 -0.999960 0.001651
1646305772.551131 3.341561 -8.279969 0.078252 0.008068 -0.002923 -0.999961 0.002179
1646305773.051112 3.272956 -8.253146 -0.236521 0.004702 0.003231 -0.999530 0.030117
1646305773.626090 3.172921 -8.287524 -0.561940 -0.001362 -0.015320 -0.999879 0.002122
1646305773.751086 3.177783 -8.308890 -0.576170 0.013646 0.019568 0.999705 0.004559
1646305773.901080 3.190442 -8.341852 -0.583756 0.025791 0.018009 0.999497 0.004008
1646305774.251067 3.234247 -8.498419 -0.605305 0.012960 0.031550 0.999364 0.010355
1646305774.601053 3.289686 -8.758029 -0.592888 0.020423 0.025392 0.999055 0.028760
1646305775.201030 3.291496 -9.149223 -0.617937 -0.007025 -0.012113 -0.999089 0.040310
1646305775.401023 3.293548 -9.183140 -0.632194 -0.007364 -0.014518 -0.998205 0.057630
1646305775.701011 3.321269 -9.198195 -0.670906 -0.002032 -0.032003 -0.973128 0.228019
1646305775.951002 3.384025 -9.225507 -0.667921 -0.017048 -0.029007 -0.891204 0.452353
1646305776.900965 4.037781 -9.299327 -0.631049 -0.046224 -0.010921 -0.705532 0.707084
1646305777.050960 4.182377 -9.333837 -0.660607 -0.057266 0.018109 -0.645058 0.761770
1646305777.125957 4.253875 -9.350288 -0.677777 -0.075500 0.030611 -0.609840 0.788326
1646305777.750933 4.923178 -9.448289 -0.806456 -0.096949 0.063683 -0.366492 0.923162
1646305778.650897 6.022654 -9.735783 -0.834635 -0.042788 0.056925 -0.077130 0.994475
1646305779.075880 6.648929 -9.872458 -0.831273 -0.027032 0.042217 -0.027788 0.998356
1646305779.850851 7.735981 -10.122476 -0.795888 -0.061948 -0.089404 -0.036424 0.993400
1646305779.975846 7.873471 -10.185556 -0.794693 -0.101354 -0.096676 -0.074105 0.987365
1646305780.450828 8.259451 -10.558469 -0.772676 -0.256212 -0.100718 -0.275317 0.921093
1646305780.600822 8.354471 -10.716621 -0.718142 -0.259012 -0.090744 -0.381219 0.882808
1646305780.850813 8.451657 -11.030483 -0.687607 -0.321764 -0.030251 -0.523160 0.788579
1646305781.000807 8.486848 -11.209009 -0.689664 -0.315575 0.022370 -0.582241 0.748938
1646305781.200799 8.526606 -11.459938 -0.710028 -0.314319 0.024961 -0.626615 0.712695
1646305782.050765 8.531240 -12.519367 -0.797367 -0.260032 0.067442 -0.716837 0.643412
1646305782.350753 8.506334 -12.849421 -0.774537 -0.250942 0.061568 -0.713100 0.651710
1646305782.800736 8.454027 -13.339771 -0.730131 -0.243979 0.079543 -0.741297 0.620182
1646305783.450711 8.471856 -14.089011 -0.691378 -0.243803 0.087963 -0.697855 0.667699
1646305783.600705 8.495890 -14.265054 -0.714130 -0.233134 0.065068 -0.715640 0.655190
1646305783.800697 8.524082 -14.482313 -0.763298 -0.122699 -0.025697 -0.740437 0.660332
1646305784.050688 8.564812 -14.756484 -0.791973 0.021270 -0.132649 -0.711546 0.689676
1646305784.650665 8.693215 -15.316428 -0.747710 0.224418 -0.204796 -0.639880 0.705868
1646305784.850657 8.729316 -15.448369 -0.739268 0.196507 -0.136001 -0.610920 0.754762
1646305784.925654 8.744085 -15.494053 -0.723201 0.182170 -0.112045 -0.599350 0.771388
1646305785.000651 8.751754 -15.535154 -0.697625 0.164794 -0.091235 -0.589657 0.785381
1646305785.150645 8.766937 -15.608624 -0.627688 0.133242 -0.060452 -0.566833 0.810736
1646305785.350638 8.795088 -15.681850 -0.503243 0.116773 -0.001498 -0.557254 0.822089
1646305786.350602 8.902051 -15.905969 -0.001820 0.044121 0.074263 -0.476862 0.874723
1646305786.600593 8.941692 -15.918959 0.101827 0.018197 0.072614 -0.500960 0.862227
1646305786.750587 8.962728 -15.926028 0.134815 0.011246 0.060619 -0.510038 0.857940
1646305787.150572 8.965274 -15.935701 0.162359 0.013500 0.045787 -0.511555 0.857923
1646305787.450560 8.956535 -15.949229 0.170305 0.005762 0.035867 -0.507778 0.860722
1646305787.750549 8.960935 -15.959048 0.175784 -0.000896 0.034226 -0.513338 0.857503
1646305788.000539 8.974616 -15.957229 0.181139 -0.002318 0.023786 -0.510441 0.859581
1646305788.300527 8.985405 -15.955468 0.193618 0.001259 0.013366 -0.507544 0.861521
1646305788.500520 8.984720 -15.958861 0.198683 0.002897 0.008863 -0.504306 0.863475
1646305788.900504 8.977513 -15.963668 0.202716 0.003753 -0.001958 -0.502181 0.864752
1646305789.250491 8.979663 -15.964066 0.200450 0.003799 -0.001974 -0.499740 0.866165
1646305789.575478 8.985658 -15.960497 0.194674 0.003742 -0.002128 -0.497510 0.867448
1646305789.950464 8.987936 -15.959228 0.190980 0.003667 -0.002184 -0.496510 0.868020
1646305790.700442 8.977324 -15.975736 0.191090 0.003650 -0.002026 -0.498611 0.866816
1646305791.250422 8.975447 -15.977269 0.196765 0.003839 -0.002111 -0.498169 0.867069
1646305791.900397 8.978637 -15.971253 0.197682 0.003815 -0.001876 -0.498932 0.866631
1646305792.250384 8.985662 -15.959794 0.198392 0.003890 -0.002019 -0.498922 0.866636
1646305792.400379 8.987784 -15.953837 0.197769 0.003881 -0.001957 -0.498923 0.866635
1646305792.550373 8.988256 -15.954010 0.198349 0.003869 -0.001992 -0.498962 0.866613
1646305792.650369 8.986852 -15.955472 0.197436 0.003858 -0.001954 -0.498949 0.866621
1646305793.600334 8.966308 -15.991825 0.194732 0.003990 -0.001816 -0.498866 0.866668
1646305794.050317 8.974438 -15.976388 0.197947 0.003882 -0.001954 -0.498939 0.866626
1646305794.350306 8.987101 -15.953336 0.198362 0.003910 -0.001891 -0.498917 0.866639
1646305794.550298 8.988370 -15.950935 0.197265 0.003887 -0.001911 -0.498958 0.866615
1646305795.450267 8.972175 -15.981180 0.192766 0.003911 -0.001853 -0.498886 0.866657
1646305796.350234 8.688740 -15.912809 -0.468740 -0.000920 -0.026841 -0.763684 0.645031
1646305796.800217 8.331643 -15.560574 -0.829156 0.019800 0.019531 -0.981829 0.187719
1646305797.150203 8.083921 -15.187153 -0.789156 -0.100250 0.041178 0.987802 0.111813
1646305797.850177 7.401931 -14.768532 -0.858901 -0.079616 0.053034 0.965344 0.242816
1646305797.975173 7.306788 -14.688603 -0.847388 -0.081416 0.049122 0.957498 0.272315
1646305798.150166 7.131165 -14.591985 -0.822613 -0.037224 0.059296 0.966493 0.246960
1646305798.475154 6.726079 -14.641551 -0.892961 -0.083976 0.026351 0.994522 0.056396
1646305798.750144 6.405757 -14.429787 -0.876205 -0.056527 0.110239 0.982518 0.138964
1646305799.475119 5.529126 -14.105233 -0.899200 -0.087939 0.012157 0.989833 0.111127
1646305800.500082 4.190543 -13.677472 -0.943190 -0.124463 0.018899 0.985982 0.109507
1646305800.950066 3.685603 -13.536244 -1.053396 -0.130007 -0.023394 0.973269 0.187876
1646305801.550044 3.120378 -13.311560 -0.941399 -0.055215 0.009782 0.972715 0.225125
1646305801.700038 3.078055 -13.117415 -0.900738 0.019142 0.046370 0.931705 0.359734
1646305801.850033 3.114936 -12.915997 -0.961871 0.001487 0.067255 0.853750 0.516319
1646305802.100028 2.961052 -12.658265 -0.992258 -0.124562 0.042706 0.820090 0.556878
1646305802.550011 2.358132 -12.453158 -1.009703 -0.150453 0.053785 0.916728 0.366171
1646305803.324983 1.681363 -11.695914 -1.051683 -0.115027 0.122686 0.942519 0.288748
1646305803.699970 1.280625 -11.468605 -1.101836 -0.126252 -0.028649 0.969760 0.206896
1646305804.074956 1.088180 -11.023431 -0.971115 -0.147366 0.010041 0.924935 0.350254
1646305804.199951 1.075744 -10.883238 -0.963685 -0.119394 -0.001227 0.907439 0.402863
1646305805.074919 0.782859 -10.290860 -0.971984 -0.105760 0.031539 0.794701 0.596883
1646305805.749895 0.250074 -10.280029 -1.005987 -0.120405 -0.001971 0.938705 0.323003
1646305806.649866 0.254289 -9.945430 -0.156963 -0.039000 0.009886 0.861006 0.507001
1646305806.849859 0.301239 -9.891870 -0.066162 -0.026344 0.025251 0.836878 0.546172
1646305807.149848 0.353833 -9.833675 -0.013269 -0.023453 0.009330 0.832226 0.553861
1646305807.224845 0.351539 -9.834124 -0.011060 -0.020866 0.010877 0.833762 0.551622
1646305807.299842 0.335647 -9.840328 -0.008562 -0.019909 0.009741 0.834657 0.550324
1646305807.549833 0.299135 -9.850002 0.012316 -0.006025 -0.001389 0.830149 0.557507
1646305808.349803 0.163078 -9.874752 0.044276 0.019812 -0.005433 0.833452 0.552210
1646305808.499798 0.191038 -9.863372 0.050626 0.021691 -0.009636 0.830582 0.556391
1646305808.649792 0.238175 -9.842711 0.057676 0.022520 -0.009860 0.832187 0.553949
1646305808.849785 0.297350 -9.827090 0.058075 0.019132 -0.009618 0.834270 0.550940
1646305809.849748 0.459042 -9.799215 0.061105 0.004967 -0.007805 0.836199 0.548348
1646305809.899746 0.454046 -9.804528 0.061641 0.002817 -0.006486 0.837265 0.546752
1646305810.249733 0.353756 -9.847030 0.064587 -0.003861 -0.001974 0.838000 0.545653
1646305811.149700 0.047306 -9.925140 0.063619 -0.011962 0.001483 0.836962 0.547128
1646305811.649681 -0.074473 -9.932478 0.060573 -0.011623 0.000936 0.836593 0.547700
1646305811.999668 -0.090533 -9.919375 0.060226 -0.011578 0.000939 0.836620 0.547661
1646305812.849637 -0.097994 -9.886419 0.060823 -0.011556 0.000889 0.836732 0.547490
1646305813.524612 -0.094475 -9.905644 0.060205 -0.011577 0.000870 0.836601 0.547689
1646305813.949596 -0.075094 -9.931287 0.060016 -0.011638 0.000889 0.836603 0.547685
1646305814.949559 -0.071429 -9.946200 0.059222 -0.011596 0.000799 0.836708 0.547526
1646305815.399543 -0.098834 -9.974948 -0.070471 0.080229 0.010515 0.873392 0.480250
1646305815.699532 -0.179399 -10.112014 -0.445169 0.056387 0.053732 0.942258 0.325705
1646305816.049519 -0.359840 -10.273385 -0.746708 0.030454 -0.042692 0.984621 0.166647
1646305816.899490 -0.893371 -10.152320 -0.923217 -0.210904 -0.340985 0.835848 0.374976
1646305817.449470 -0.847559 -9.866040 -0.900205 -0.377254 -0.288271 0.552341 0.685200
1646305817.699460 -0.845629 -9.733815 -0.896006 -0.347168 -0.262692 0.515198 0.738267
1646305817.799457 -0.826559 -9.668771 -0.889718 -0.348128 -0.240567 0.485540 0.764974
1646305817.899453 -0.820247 -9.595894 -0.886264 -0.337293 -0.211923 0.460071 0.793509
1646305818.849418 -0.875314 -8.753373 -0.967240 -0.302517 -0.108386 0.273896 0.906486
1646305819.749385 -1.109890 -7.769291 -1.054273 0.067432 0.029323 0.270820 0.959817
1646305820.099373 -1.229565 -7.321212 -1.033467 0.283016 0.200082 0.352660 0.869195
1646305820.199369 -1.249224 -7.179124 -1.019098 0.276878 0.159107 0.389776 0.863770
1646305821.199333 -1.313262 -6.000929 -1.114754 -0.131846 0.121960 0.546182 0.818185
1646305821.524321 -1.324467 -5.686416 -1.122660 -0.016322 0.110948 0.484677 0.867475
1646305821.699315 -1.304873 -5.535225 -1.121073 -0.064995 0.060578 0.449437 0.888882
1646305821.849309 -1.339116 -5.396885 -1.105307 -0.109316 0.002615 0.412882 0.904197
1646305822.299293 -1.555904 -5.078796 -1.134331 -0.067273 0.120608 0.514055 0.846567
1646305822.499285 -1.633893 -4.912691 -1.075785 -0.027374 0.062146 0.606631 0.792078
1646305823.074265 -1.994851 -4.679956 -1.070326 -0.051245 0.002085 0.933539 0.354789
1646305823.799238 -2.380145 -4.526353 -1.064064 -0.011946 0.042320 0.972299 0.229567
1646305824.049229 -2.572047 -4.479365 -1.088993 -0.021674 0.012210 0.987284 0.157008
1646305824.499213 -2.873966 -4.523819 -1.148879 -0.106771 0.031916 0.990863 0.075971
1646305824.849200 -3.127111 -4.439722 -1.110184 -0.061680 -0.177581 0.981746 0.028891
1646305825.349179 -3.588346 -4.319301 -1.127504 -0.072373 -0.058982 0.994241 0.052606
1646305825.649168 -3.890539 -4.253795 -1.124528 -0.077575 0.067057 0.987996 0.115538
1646305825.749164 -3.996141 -4.234768 -1.117489 -0.067956 0.057103 0.989386 0.115053
1646305826.249146 -4.552149 -4.226484 -1.076009 -0.003919 0.023508 0.999502 0.020687
1646305826.449139 -4.717281 -4.237699 -1.098134 -0.039284 0.011412 0.999011 0.017418
1646305826.699130 -4.911528 -4.263024 -1.129279 -0.028835 0.023750 0.999231 0.011945
1646305826.849124 -5.046880 -4.283326 -1.146884 0.040961 -0.020547 -0.998872 0.012453
1646305827.849088 -5.819641 -4.510119 -1.211545 0.005408 -0.033132 -0.884401 0.465520
1646305828.399068 -6.135846 -4.542713 -1.181882 0.004500 -0.040148 -0.776676 0.628604
1646305828.899050 -6.432972 -4.548798 -1.210794 0.022739 -0.029464 -0.749719 0.660709
1646305829.049044 -6.555759 -4.541406 -1.227190 0.025934 -0.033380 -0.759669 0.648934
1646305829.149034 -6.648288 -4.520913 -1.230562 0.030023 -0.025570 -0.756666 0.652612
1646305829.274029 -6.745832 -4.504305 -1.228600 0.034327 -0.019462 -0.750459 0.659738
1646305830.248993 -7.364993 -4.549948 -1.224547 0.014504 0.002119 -0.803962 0.594500
1646305830.848970 -7.712283 -4.527818 -1.210718 0.047994 0.017473 -0.900215 0.432439
1646305831.348952 -7.869584 -4.483345 -1.120226 0.092742 0.011867 -0.975287 0.200185
1646305831.948929 -7.812955 -4.527746 -0.584247 0.055274 0.006477 -0.991215 0.119983
1646305831.998928 -7.808112 -4.529162 -0.537691 0.057393 0.001101 -0.992168 0.110941
1646305832.998890 -7.869212 -4.547480 -0.232145 0.018611 -0.023885 -0.997841 0.058271
1646305833.923858 -7.914882 -4.570079 -0.185397 -0.000201 -0.019859 -0.997262 0.071237
1646305834.473837 -7.894576 -4.559396 -0.186832 -0.001033 -0.016637 -0.996988 0.075747
1646305834.923821 -7.854715 -4.541346 -0.191346 -0.000597 -0.016245 -0.996551 0.081374
1646305835.073815 -7.848282 -4.538698 -0.191701 -0.000039 -0.015300 -0.996619 0.080722
1646305835.598795 -7.857989 -4.542269 -0.190008 0.004350 -0.010075 -0.996503 0.082834
1646305836.548760 -7.911313 -4.559271 -0.191885 0.004812 -0.006468 -0.996088 0.087993
1646305836.748752 -7.862625 -4.540930 -0.187951 0.004361 -0.006904 -0.996220 0.086476
1646305836.898747 -7.835158 -4.529792 -0.186346 0.005211 -0.005445 -0.996290 0.085729
1646305837.048741 -7.820516 -4.528934 -0.184069 0.005851 -0.003937 -0.996195 0.086861
1646305837.248737 -7.844374 -4.537066 -0.186095 0.005771 -0.003245 -0.996267 0.086067
1646305837.923712 -7.903193 -4.553545 -0.190701 0.006281 -0.003040 -0.996316 0.085473
1646305838.648685 -7.925738 -4.551362 -0.191961 0.006496 -0.003413 -0.996260 0.086098
1646305838.973673 -7.875015 -4.536773 -0.186848 0.006239 -0.003374 -0.996200 0.086807
1646305839.098668 -7.848114 -4.531068 -0.186320 0.006344 -0.003146 -0.996254 0.086180
1646305839.198665 -7.833466 -4.528738 -0.185983 0.006383 -0.003218 -0.996258 0.086136
1646305839.298661 -7.834616 -4.531827 -0.186022 0.006390 -0.003284 -0.996239 0.086353
1646305839.648648 -7.854943 -4.539632 -0.187026 0.006391 -0.003148 -0.996274 0.085951
1646305840.548615 -7.921850 -4.555516 -0.189484 0.006336 -0.003378 -0.996212 0.086660
1646305841.123593 -7.901978 -4.551516 -0.187619 0.006341 -0.003700 -0.996067 0.088298
1646305841.248589 -7.898436 -4.547930 -0.188627 0.001015 0.003553 -0.996223 0.086753
1646305842.073558 -7.749688 -4.474644 -1.161508 -0.213523 0.010939 0.976190 0.036626
1646305842.398546 -7.647244 -4.349346 -1.366011 -0.244834 0.120042 0.909504 0.313766
1646305842.948526 -7.380721 -4.052811 -1.416685 -0.045450 0.305546 0.688160 0.656515
1646305843.098521 -7.286031 -3.951662 -1.431293 -0.011238 0.298834 0.611088 0.732901
1646305843.198517 -7.205400 -3.883053 -1.437038 0.004369 0.300218 0.552867 0.777296
1646305843.773495 -6.780257 -3.617150 -1.501810 0.080337 0.331063 0.288694 0.894762
1646305843.948489 -6.675957 -3.566314 -1.526607 0.108290 0.386794 0.268495 0.875542
1646305844.048485 -6.607952 -3.538860 -1.539050 0.126452 0.409596 0.245494 0.869467
1646305844.998450 -5.775000 -3.646971 -1.547669 0.281469 0.376768 -0.156446 0.868531
1646305845.248441 -5.575686 -3.755577 -1.569436 0.252208 0.365886 -0.158463 0.881708
1646305845.598428 -5.267650 -3.866900 -1.597416 0.215081 0.329913 -0.210811 0.894682
1646305845.873418 -5.030263 -3.937138 -1.599958 0.188265 0.325873 -0.226039 0.898482
1646305846.148408 -4.801667 -4.014067 -1.584168 0.102253 0.305859 -0.124927 0.938290
1646305846.248404 -4.724319 -4.029905 -1.584885 0.034691 0.280868 -0.030473 0.958635
1646305846.348400 -4.636790 -4.034290 -1.596643 -0.056555 0.247516 0.074430 0.964364
1646305847.173370 -3.723294 -3.964113 -1.433720 -0.423942 -0.000766 0.209954 0.881017
1646305847.248367 -3.641451 -3.954852 -1.399401 -0.440837 -0.032859 0.185296 0.877638
1646305847.573355 -3.404567 -3.857020 -1.357867 -0.325530 0.001728 0.088147 0.941413
1646305848.298328 -3.157465 -3.169541 -1.321898 0.062478 0.100855 0.385526 0.915038
1646305849.223292 -2.590676 -2.716764 -1.355827 -0.085511 -0.019868 0.403988 0.910542
1646305850.148257 -2.384842 -2.223096 -1.357321 0.000919 0.082052 0.774741 0.626932
1646305850.548243 -2.336366 -2.065294 -1.318095 -0.019692 0.067249 0.878756 0.472100
1646305850.923229 -2.300431 -1.981222 -1.265192 -0.005305 0.059784 0.974375 0.216773
1646305851.048224 -2.302164 -1.942866 -1.269934 0.000548 0.055843 0.986570 0.153495
1646305851.498208 -2.315464 -1.726948 -1.289369 -0.005622 0.050912 0.998226 0.030335
1646305851.948191 -2.317969 -1.562393 -1.290818 -0.018912 -0.053082 -0.974013 0.219372
1646305852.498171 -2.506583 -1.455423 -1.350573 -0.008263 -0.037243 -0.935160 0.352166
1646305852.698163 -2.598301 -1.429868 -1.363094 -0.032569 -0.038446 -0.913073 0.404672
1646305852.848158 -2.669697 -1.406504 -1.366732 -0.026430 -0.042862 -0.884717 0.463401
1646305853.748125 -3.232451 -1.437430 -1.408597 -0.073509 -0.091468 -0.723795 0.679964
1646305853.873120 -3.334263 -1.467408 -1.413305 -0.074736 -0.102894 -0.722182 0.679912
1646305853.998116 -3.425557 -1.490710 -1.417352 -0.073466 -0.099039 -0.714788 0.688383
1646305854.198108 -3.565461 -1.512742 -1.426561 -0.066141 -0.090309 -0.698447 0.706853
1646305854.298105 -3.630694 -1.510123 -1.426338 -0.064537 -0.086869 -0.677972 0.727078
1646305854.448099 -3.725571 -1.509985 -1.426019 -0.060268 -0.115210 -0.647119 0.751220
1646305855.348066 -4.501804 -1.613837 -1.421319 -0.086274 -0.067249 -0.775210 0.622160
1646305855.548059 -4.650186 -1.577728 -1.428643 -0.059189 -0.061541 -0.829915 0.551316
1646305855.698053 -4.750784 -1.528489 -1.427362 -0.050279 -0.046392 -0.881323 0.467535
1646305855.948044 -4.917511 -1.362196 -1.427831 -0.043479 -0.016525 -0.973674 0.223148
1646305856.823012 -4.049646 -0.698706 -1.402289 0.038203 -0.007374 0.369460 0.928432
1646305857.447989 -4.264241 -1.288241 -1.446399 0.034036 -0.003727 -0.671384 0.740318
1646305857.522986 -4.370992 -1.269415 -1.447996 0.037979 -0.005442 -0.778330 0.626682
1646305857.847974 -4.666756 -0.885314 -1.469523 0.044930 -0.028566 -0.993908 0.096496
1646305858.097965 -4.546157 -0.530931 -1.473805 -0.037265 0.015580 0.937639 0.345256
1646305859.097929 -3.241444 -0.675429 -1.252755 0.108069 -0.072801 0.153589 0.979506
1646305860.047894 -2.498729 -0.447283 -1.267554 -0.067695 -0.046551 0.127122 0.988479
1646305860.797866 -1.867769 -0.377213 -0.887753 0.030822 0.008794 0.051920 0.998137
1646305861.047857 -1.671974 -0.406738 -0.687256 0.081680 -0.015001 0.095584 0.991951
1646305861.822826 -1.506266 -0.435068 -0.114844 0.015051 0.014137 0.034595 0.999188
1646305861.997820 -1.515881 -0.423460 -0.073236 0.018723 -0.012801 0.031504 0.999246
1646305862.947785 -1.603723 -0.436557 -0.008326 0.004628 -0.015054 0.035972 0.999229
1646305863.097779 -1.569209 -0.426494 -0.015370 0.005470 -0.019556 0.036135 0.999141
1646305863.197776 -1.538166 -0.424195 -0.019604 0.004549 -0.020929 0.033765 0.999200
1646305863.347770 -1.493473 -0.419866 -0.022915 0.006543 -0.021174 0.038491 0.999013
1646305863.647759 -1.455582 -0.418816 -0.012040 0.000838 -0.015998 0.033913 0.999296
1646305864.047745 -1.481802 -0.428327 -0.003862 -0.007824 -0.001993 0.037356 0.999269
1646305864.197739 -1.513286 -0.428070 -0.009321 -0.005162 0.000172 0.043759 0.999029
1646305864.297735 -1.528658 -0.426186 -0.015190 -0.003152 0.001019 0.047206 0.998880
1646305864.597724 -1.565636 -0.425540 -0.021830 -0.002790 0.001567 0.047649 0.998859
1646305865.397689 -1.612601 -0.426874 -0.020108 -0.002830 0.001728 0.043559 0.999045
1646305865.947669 -1.588437 -0.428328 -0.010590 -0.002825 0.001956 0.043308 0.999056
1646305866.447650 -1.560085 -0.427478 -0.010551 -0.002815 0.001839 0.043319 0.999056
1646305866.697641 -1.562419 -0.426138 -0.014932 -0.002800 0.001845 0.043333 0.999055
1646305866.772638 -1.570324 -0.426503 -0.015580 -0.002766 0.001881 0.043328 0.999055
1646305866.947631 -1.579546 -0.426708 -0.015299 -0.002842 0.001904 0.043326 0.999055
1646305867.947593 -1.593533 -0.429298 -0.014190 -0.002917 0.001945 0.043403 0.999052
1646305868.122587 -1.579594 -0.427940 -0.014678 -0.002825 0.001960 0.043287 0.999057
1646305868.272581 -1.570829 -0.426710 -0.014639 -0.002804 0.001922 0.043288 0.999057
1646305868.597569 -1.566585 -0.425379 -0.014494 -0.002800 0.001947 0.043274 0.999057
